,Date,COST,PDR,VAR,AVG,VAR70,VAR85,VAR99
0,1/2/2020,291.48999,,,,,,
1,1/3/2020,291.730011,0.000823089,0.0,0.000823089,,,
2,1/6/2020,291.809998,0.000274144,7.53e-08,0.000548617,,,
3,1/7/2020,291.350006,-0.001577585,1.05e-06,-0.000160117,,,
4,1/8/2020,294.690002,0.011398649,2.58e-05,0.002729574,,,
5,1/9/2020,299.420013,0.01592335,4.85e-05,0.005368329,,,
6,1/10/2020,297.23999,-0.007307454,6.28e-05,0.003255699,,,
7,1/13/2020,299.869995,0.008809171,5.76e-05,0.004049052,,,
8,1/14/2020,299.75,-0.000400237,5.25e-05,0.003492891,,,
9,1/15/2020,300.820007,0.003563309,4.67e-05,0.003500715,,,
10,1/16/2020,303.029999,0.007319705,4.33e-05,0.003882614,,,
11,1/17/2020,304.679993,0.005430215,3.96e-05,0.004023305,,,
12,1/21/2020,313.26001,0.027771526,7.94e-05,0.006002324,,,
13,1/22/2020,311.890015,-0.004382939,8.09e-05,0.005203457,,,
14,1/23/2020,312.880005,0.003169137,7.54e-05,0.005058149,,,
15,1/24/2020,310.51001,-0.007603607,8.04e-05,0.004214032,,,
16,1/27/2020,309.450012,-0.003419572,7.88e-05,0.003736931,,,
17,1/28/2020,310.850006,0.004513933,7.42e-05,0.003782637,,,
18,1/29/2020,309.579987,-0.004094002,7.33e-05,0.003345046,,,
19,1/30/2020,309.470001,-0.000355338,7.01e-05,0.003150289,,,
20,1/31/2020,305.519989,-0.012845953,7.88e-05,0.002350477,,,
21,2/3/2020,302.0,-0.01158819,8.38e-05,0.001686731,,,
22,2/4/2020,304.899994,0.009556817,8.27e-05,0.002044462,,,
23,2/5/2020,308.950012,0.013195656,8.43e-05,0.002529297,,,
24,2/6/2020,310.609985,0.005358567,8.11e-05,0.002647183,,,
25,2/7/2020,313.630005,0.009675905,7.97e-05,0.002928332,,,
26,2/10/2020,313.790009,0.000510038,7.69e-05,0.002835321,,,
27,2/11/2020,310.679993,-0.00996058,7.99e-05,0.002361398,,,
28,2/12/2020,315.119995,0.014190082,8.19e-05,0.002783851,,,
29,2/13/2020,318.200012,0.009726651,8.06e-05,0.003023258,,,
30,2/14/2020,318.309998,0.000345591,7.82e-05,0.002934003,,,
31,2/18/2020,322.049988,0.011681031,7.8e-05,0.003216165,,,
32,2/19/2020,323.019989,0.003007431,7.56e-05,0.003209642,,,
33,2/20/2020,324.079987,0.003276152,7.33e-05,0.003211657,,,
34,2/21/2020,321.950012,-0.006594068,7.39e-05,0.002923254,,,
35,2/24/2020,313.619995,-0.026214245,9.54e-05,0.002090754,,,
36,2/25/2020,304.869995,-0.028296606,0.000117645,0.00124666,,,
37,2/26/2020,305.690002,0.002686083,0.00011452,0.001285564,,,
38,2/27/2020,293.130005,-0.041955309,0.000159416,0.000147646,,,
39,2/28/2020,281.140015,-0.041763394,0.000199213,-0.000926996,,,
40,3/2/2020,309.140015,0.094941478,0.000418258,0.001469716,,,
41,3/3/2020,302.730011,-0.020952942,0.00042002,0.000922822,,,
42,3/4/2020,320.73999,0.057789439,0.000485182,0.002276789,,,
43,3/5/2020,315.76001,-0.015648332,0.000481197,0.001859925,,,
44,3/6/2020,311.339996,-0.014096913,0.000475916,0.00149727,,,
45,3/9/2020,301.980011,-0.030524723,0.000487621,0.00078567,,,
46,3/10/2020,309.399994,0.024274092,0.000488753,0.001296288,,,
47,3/11/2020,297.429993,-0.039456039,0.000512937,0.000429217,,,
48,3/12/2020,279.850006,-0.060925113,0.000579041,-0.000848998,,,
49,3/13/2020,302.269989,0.077066855,0.000688591,0.000741122,,,
50,3/16/2020,283.179993,-0.065237908,0.000760143,-0.000578459,,,
51,3/17/2020,306.98999,0.080732428,0.000872333,0.001015872,,,
52,3/18/2020,307.5,0.001659946,0.000855565,0.001028258,,,
53,3/19/2020,305.220001,-0.007442256,0.00084075,0.000868437,,,
54,3/20/2020,290.420013,-0.049704635,0.000871667,-6.81e-05,,,
55,3/23/2020,285.529999,-0.016981097,0.000860925,-0.00037561,,,
56,3/24/2020,284.940002,-0.00206846,0.000845602,-0.00040584,,,
57,3/25/2020,280.859985,-0.014422368,0.000834153,-0.000651744,,,
58,3/26/2020,292.299988,0.03992436,0.000847668,4.78e-05,,,
59,3/27/2020,284.329987,-0.027645141,0.000846079,-0.000421528,,,
60,3/30/2020,291.119995,0.023600046,0.000841435,-2.12e-05,,,
61,3/31/2020,285.130005,-0.020790302,0.000834596,-0.000361646,,,
62,4/1/2020,286.779999,0.005770134,0.000821731,-0.000262747,,,
63,4/2/2020,291.480011,0.016256063,0.000812951,-5.43e-07,,,
64,4/3/2020,288.649994,-0.00975657,0.000801712,-0.000152981,287.05422130215356,282.89097826228345,272.6574837592935
65,4/6/2020,305.119995,0.055490265,0.000836279,0.000703069,284.2421155678109,280.14486152761407,270.1476096297354
66,4/7/2020,303.630005,-0.004895254,0.000824076,0.000618246,300.6280903123087,296.1903380058879,285.30872836645034
67,4/8/2020,305.970001,0.00767719,0.000812509,0.000723603,299.1340720829112,294.77099407573536,284.09932720148436
68,4/9/2020,300.01001,-0.01967122,0.000806587,0.000423679,301.5286172546583,297.1591847269466,286.49821419845307
69,4/13/2020,299.619995,-0.001300852,0.00079494,0.000398686,295.58960234941236,291.32739514626076,280.82926214962123
70,4/14/2020,314.140015,0.047323806,0.000814591,0.001069045,295.2493937866045,291.0109244173142,280.62871889950077
71,4/15/2020,310.269989,-0.012395943,0.000805635,0.000879397,309.6847564243035,305.20129393275823,294.1633566808229
72,4/16/2020,321.559998,0.035741295,0.000811091,0.00136359,305.8258501016175,301.4052935042671,290.5737220254286
73,4/17/2020,317.920013,-0.011384326,0.000802176,0.001188961,317.0906152601484,312.50766924927296,301.23913277785255
74,4/20/2020,312.079987,-0.018540296,0.000796525,0.000922349,313.4866736785572,308.98698979449705,297.88825932024224
75,4/21/2020,301.329987,-0.035053557,0.000802931,0.000442671,307.6707112760075,303.2604246962735,292.425950848513
76,4/22/2020,309.420013,0.026493653,0.000801179,0.000785447,296.9101417576959,292.6431584926566,282.0886778808074
77,4/23/2020,305.399994,-0.013077246,0.000793237,0.000605412,304.97805883447023,300.57730878531714,289.87749090741755
78,4/24/2020,310.549988,0.016722507,0.000786355,0.000812041,300.99905283615243,296.68342815202186,286.08299442739917
79,4/27/2020,308.779999,-0.005715834,0.000776934,0.00072941,306.15027756397177,301.7829769959672,291.05989719316494
80,4/28/2020,304.950012,-0.012481178,0.000769376,0.000564278,304.3977168811526,300.0741015349943,289.45297135219886
81,4/29/2020,307.089996,0.006992983,0.000760382,0.000643644,300.6173152601941,296.3802994911618,285.95177665207416
82,4/30/2020,303.0,-0.013408046,0.000753487,0.000472282,302.76352306611136,298.52034489389274,288.10620380368255
83,5/1/2020,301.920013,-0.003570681,0.000744604,0.000423572,298.70774230203267,294.5395015366481,284.2914293188659
84,5/4/2020,304.48999,0.008476088,0.000736502,0.000519435,297.6559768563932,293.5370026062302,283.35610036318815
85,5/5/2020,307.920013,0.011201838,0.000729164,0.00064511,300.22703996305194,296.0745794866716,285.9419532780337
86,5/6/2020,308.890015,0.003145224,0.000720757,0.000674182,303.6840313785433,299.5083723081858,289.2572298162133
87,5/7/2020,305.0,-0.012673498,0.000714497,0.00052076,304.6802126303235,300.51911877635774,290.2614876570583
88,5/8/2020,305.940002,0.003077234,0.000706451,0.000549811,300.8123918525126,296.72835439751884,286.6844202142067
89,5/11/2020,310.329987,0.014247195,0.000700598,0.000703714,301.7684596867823,297.6731630578706,287.63495701588397
90,5/12/2020,304.839996,-0.01784917,0.000696595,0.000497571,306.1660704983599,302.0556613701029,291.92423821185906
91,5/13/2020,302.140015,-0.0088965,0.0006899,0.000394339,300.7083757111238,296.6748167695866,286.68876459128586
92,5/14/2020,299.73999,-0.007975137,0.000683154,0.000303367,298.02488373796587,294.05132248717894,284.27342847665886
93,5/15/2020,299.209991,-0.001769761,0.000675854,0.000281075,295.62479872843494,291.68257479760695,281.9888087307368
94,5/18/2020,302.76001,0.011794808,0.000670059,0.000403562,295.1487107604297,291.24063033002096,281.610207287557
95,5/19/2020,304.630005,0.006157496,0.000663351,0.000464129,298.6967847412165,294.7633382983263,285.1293503744543
96,5/20/2020,304.910004,0.000918722,0.000656443,0.000468865,300.59685523774976,296.6507625674447,286.93867557290486
97,5/21/2020,301.970001,-0.009688986,0.000650728,0.000364144,300.87921457603005,296.9638449552036,287.3498904520412
98,5/22/2020,302.429993,0.001522145,0.000644102,0.000375961,297.97675397764266,294.0872373127581,284.58389923405866
99,5/26/2020,304.799988,0.007805962,0.000638148,0.000451011,298.43957982069884,294.589740959251,285.1637510010914
100,5/27/2020,306.01001,0.003962029,0.000631888,0.000486122,300.8234498661152,296.96409761849424,287.42681046211214
101,5/28/2020,309.559998,0.011534114,0.000626828,0.000595508,302.0726783162758,298.2059421377921,288.66891181858057
102,5/29/2020,308.470001,-0.003527331,0.000620848,0.000555088,305.61411510053193,301.7075084795346,292.09506889708723
103,6/1/2020,308.290009,-0.00058367,0.000614833,0.000544032,304.5411470962871,300.6887286809568,291.1870946538776
104,6/2/2020,307.089996,-0.003900076,0.000609109,0.0005013,304.38622148404943,300.55327721950874,291.1275599145698
105,6/3/2020,306.640015,-0.001466381,0.000603345,0.00048256,303.2050749950681,299.38386761178515,290.0404753995407
106,6/4/2020,310.75,0.01331426,0.000599191,0.000603614,302.7678368003675,299.00846141739015,289.6799788629558
107,6/5/2020,312.040009,0.004142683,0.000593707,0.000636689,306.89721855316327,303.06714824400063,293.6868233858826
108,6/8/2020,307.190002,-0.015664958,0.000590648,0.000485748,308.180860082511,304.3404156765581,294.9462509868399
109,6/9/2020,305.549988,-0.005353063,0.000585539,0.000432181,303.3597996715608,299.6079900985814,290.37608640077036
110,6/10/2020,307.329987,0.005808654,0.000580476,0.000481058,301.74660497275084,298.019521377014,288.8838000813477
111,6/11/2020,300.829987,-0.021376769,0.000579512,0.000284141,303.52017634449896,299.8201877830043,290.64952179147684
112,6/12/2020,298.700012,-0.007105513,0.000574821,0.000218162,297.0498292828154,293.40640195630175,284.48058085537525
113,6/15/2020,297.179993,-0.005101773,0.000569983,0.000171083,294.9436920927718,291.3455648697382,282.4490384725009
114,6/16/2020,301.359985,0.013967521,0.000566638,0.000292104,293.4545240791866,289.8785785342541,281.10719977966244
115,6/17/2020,299.609985,-0.005823935,0.000562033,0.000238921,297.62925478418884,294.0270161217847,285.1588288550269
116,6/18/2020,299.570007,-0.000133442,0.000557189,0.000235711,295.8930944127836,292.3310337816375,283.54985108758154
117,6/19/2020,299.899994,0.001100929,0.000552433,0.000243106,295.86285519401815,292.3077827210172,283.53230332359425
118,6/22/2020,300.450012,0.001832325,0.000547773,0.000256574,296.2179005607403,292.6688132600057,283.8938935836429
119,6/23/2020,301.290009,0.002791895,0.000543223,0.000277879,296.77976559755,293.24596615370467,284.5362614906696
120,6/24/2020,298.019989,-0.010912725,0.000539731,0.000184624,297.626855842492,294.0869086937148,285.3629209013839
121,6/25/2020,300.529999,0.008387018,0.000535822,0.000252413,294.3902618003032,290.9107802232676,282.35174280306535
122,6/26/2020,296.559998,-0.013298027,0.000532923,0.000141343,296.9024989178865,293.40539253619556,284.805679200385
123,6/29/2020,301.589996,0.016818914,0.000530833,0.000276933,292.95099973308385,289.51521948525976,281.0167111459564
124,6/30/2020,303.209991,0.005357139,0.000526758,0.000317903,297.968201988927,294.47612251185245,285.83826348292604
125,7/1/2020,304.75,0.005066163,0.000522723,0.000355889,299.5885405098522,296.08597588940665,287.48062948438326
126,7/2/2020,305.73999,0.003243267,0.00051864,0.000378805,301.14824083366784,297.6472840154159,288.98232874769184
127,7/6/2020,311.48999,0.018632168,0.000517159,0.000522532,302.1578182803634,298.66249038586545,290.0313585828917
128,7/7/2020,316.230011,0.015102629,0.000514767,0.000636439,307.87418644348395,304.3083759410567,295.5253421095879
129,7/8/2020,316.320007,0.00028455,0.000510777,0.000633711,312.6034056874883,309.0123675438183,300.10305019836784
130,7/9/2020,325.540009,0.028730988,0.000512874,0.000849844,312.702101260475,309.09338564837293,300.2521272651936
131,7/10/2020,326.230011,0.002117318,0.000508971,0.000859519,321.88728220889766,318.16962033429814,309.0316666296358
132,7/13/2020,322.920013,-0.010198033,0.000506035,0.00077575,322.5909681619524,318.8864389297517,309.71481284961317
133,7/14/2020,328.0,0.015608954,0.000503872,0.000887278,319.2979836498656,315.6266401197319,306.620195754561
134,7/15/2020,326.700012,-0.003971253,0.000500287,0.00085102,324.379131440254,320.6716113285014,311.52400815951114
135,7/16/2020,326.269989,-0.00131713,0.000496615,0.00083496,323.0671056874902,319.39404470371767,310.30173766972626
136,7/17/2020,324.790009,-0.004546378,0.000493175,0.000795391,322.6738431181258,318.9982609449905,309.94896904167666
137,7/20/2020,326.51001,0.005281759,0.000489721,0.000828138,321.17947535416585,317.5566460680238,308.57092532884076
138,7/21/2020,327.73999,0.003759974,0.000486234,0.000849383,322.9285787490091,319.2845385525319,310.31695480848435
139,7/22/2020,328.299988,0.001707207,0.000482741,0.000855555,324.1637107104161,320.5338369274247,311.5384523285277
140,7/23/2020,326.109985,-0.006693086,0.000479697,0.000801636,324.7460404378513,321.1021342573434,312.15101966822624
141,7/24/2020,325.779999,-0.001012398,0.000476318,0.00078877,322.5736701576939,318.98210327232204,310.0974092627356
142,7/27/2020,327.600006,0.005571066,0.000473124,0.000822449,322.24866916073665,318.6813358488826,309.85832856916466
143,7/28/2020,327.570007,-9.16e-05,0.000469821,0.000816057,324.0779127930616,320.470083699565,311.6137071430807
144,7/29/2020,326.140015,-0.004375011,0.000466744,0.000780008,324.0613616160517,320.48044718109037,311.6325572580297
145,7/30/2020,324.820007,-0.004055579,0.000463686,0.000746659,322.6206910319742,319.07109316938096,310.323801846984
146,7/31/2020,325.529999,0.002183416,0.000460524,0.0007565,321.3343828352057,317.81580859214523,309.13681090913786
147,8/3/2020,329.320007,0.011575323,0.000458182,0.000830097,322.06850723213245,318.5405770755402,309.8092120170823
148,8/4/2020,339.790009,0.031297863,0.000461316,0.00103596,325.8571391241377,322.29876015679935,313.50591316432485
149,8/5/2020,339.970001,0.000529575,0.000458221,0.001032562,336.2518940644606,332.5834555654057,323.48598754727254
150,8/6/2020,343.309998,0.009776442,0.000455673,0.001090854,336.4374438002876,332.7702317961224,323.70122435534427
151,8/7/2020,340.910004,-0.007015299,0.000453087,0.001037171,339.77206469691953,336.0893565739882,326.92863698199193
152,8/10/2020,340.0,-0.002672907,0.000450197,0.001012763,337.40685386034335,333.7528617450739,324.6885509591372
153,8/11/2020,332.429993,-0.022516327,0.000450849,0.000858978,336.48669017182357,332.84847447070206,323.87423960912446
154,8/12/2020,336.76001,0.01294125,0.000448863,0.000937434,328.9508643316214,325.40691017036534,316.6098597409989
155,8/13/2020,335.700012,-0.0031526,0.000446074,0.000911047,333.2757596300549,329.68211579967453,320.81952538128644
156,8/14/2020,336.279999,0.001726204,0.000443219,0.000916272,332.230469987698,328.65846820011615,319.80601793972517
157,8/17/2020,339.959991,0.010883794,0.000441025,0.00097976,332.82309439776014,329.24424639328265,320.4263933117411
158,8/18/2020,340.75,0.002321133,0.000438245,0.000988249,336.5111317139879,332.8988509541327,323.99243361121245
159,8/19/2020,340.899994,0.000440091,0.000435491,0.000984802,337.27613429729905,333.70032191447814,324.81524671270097
160,8/20/2020,340.869995,-8.8e-05,0.000432776,0.000978097,337.4346299810117,333.85130867265786,324.9967848928963
161,8/21/2020,344.609985,0.010912141,0.000430697,0.001039799,337.4200624026305,333.84126843378766,324.9989755899904
162,8/24/2020,344.130005,-0.001393792,0.000428075,0.001024777,341.138467260478,337.53467800592284,328.60067758273925
163,8/25/2020,344.709991,0.00168395,0.000425451,0.001028821,340.6911244689364,337.09670045582817,328.1950934597573
164,8/26/2020,344.269989,-0.001277256,0.000422889,0.001014759,341.27227523189543,337.67994164005836,328.8297081198868
165,8/27/2020,346.359985,0.006052452,0.000420479,0.001045291,340.8604588511686,337.28015675888173,328.4362258620637
166,8/28/2020,348.369995,0.005786466,0.000418081,0.001073852,342.95439773132847,339.3756774016975,330.5476113540715
167,8/31/2020,347.660004,-0.002040117,0.000415635,0.001055206,344.9413969334392,341.34520616606807,332.47618002902993
168,9/1/2020,351.380005,0.010643271,0.000413705,0.001112277,344.2463277211016,340.6706505080399,331.8006077399944
169,9/2/2020,358.859985,0.021064025,0.000413598,0.001230335,347.96661678173757,344.3581552102823,335.4338633128959
170,9/3/2020,348.299988,-0.029868156,0.000416821,0.001047403,355.4202993754663,351.741605066519,342.6164564093574
171,9/4/2020,346.570007,-0.004979304,0.000414594,0.001012159,344.8933132883866,341.3036524079632,332.4439620883816
172,9/8/2020,338.859985,-0.02249784,0.000415379,0.000875473,343.167162611296,339.61594580371604,330.8036987668742
173,9/9/2020,346.429993,0.022093759,0.000415565,0.000998122,335.48105207331105,332.0047802955413,323.3792082962389
174,9/10/2020,339.529999,-0.020118452,0.000415725,0.000876762,343.02045912691915,339.4614326414141,330.6657813418444
175,9/11/2020,339.130005,-0.001178776,0.000413373,0.000865016,336.1439574849717,332.6561718705841,324.0079031685223
176,9/14/2020,342.920013,0.011113692,0.000411618,0.000923247,335.7515059261662,332.2695149290901,323.6894615809273
177,9/15/2020,343.910004,0.002882785,0.000409314,0.000934318,339.53230354621064,336.02481336861257,327.30903790766104
178,9/16/2020,343.730011,-0.000523509,0.000407026,0.000926128,340.522663483659,337.03337122688265,328.35372185319886
179,9/17/2020,338.880005,-0.01421042,0.000406025,0.000841567,340.36384648883313,336.8609396255565,328.18038125962516
180,9/18/2020,335.959991,-0.008653999,0.000404268,0.000788813,335.51028891990853,332.0712049536339,323.54449882921523
181,9/21/2020,339.570007,0.010688053,0.000402573,0.000843505,332.644211605067,329.2272121514203,320.8297756165098
182,9/22/2020,344.450012,0.014268845,0.000401346,0.000917271,336.24209848573696,332.8104102816102,324.3297793508042
183,9/23/2020,344.630005,0.000522415,0.000399153,0.000915113,341.11216198238907,337.6189489200777,329.00353129803614
184,9/24/2020,347.0,0.006853388,0.000397175,0.000947386,341.28250228892296,337.8045109864234,329.192315913645
185,9/25/2020,342.579987,-0.012819611,0.000396047,0.00087297,343.65927141962266,340.15533825215806,331.5342285473503
186,9/28/2020,349.619995,0.020341667,0.000395944,0.000977641,339.2282870338026,335.7803034519368,327.3067912864944
187,9/29/2020,352.140015,0.00718203,0.000394032,0.001010819,346.26214882735144,342.74011879080894,334.0760750997503
188,9/30/2020,355.0,0.008088923,0.000392201,0.001048469,348.77285594777914,345.24674596808757,336.4958593659818
189,10/1/2020,358.459991,0.009699263,0.000390519,0.00109424,351.6095646938321,348.0755581688586,339.34008500533946
190,10/2/2020,355.01001,-0.009671066,0.000389071,0.001037581,355.08000069617475,351.50038451589734,342.68002290137474
191,10/5/2020,358.579987,0.010005765,0.000387453,0.001084534,351.6442766742592,348.10461896525095,339.352381851441
192,10/6/2020,358.350006,-0.000641572,0.00038545,0.001075544,355.2166435233195,351.6529269749835,342.8670727728414
193,10/7/2020,363.019989,0.01294772,0.00038418,0.001137058,355.0023353394661,351.4520806532474,342.6407535337675
194,10/8/2020,365.089996,0.005685989,0.000382305,0.001160506,359.64265465928673,356.04256023558963,347.1722274123478
195,10/9/2020,369.459991,0.011898568,0.000380933,0.001215573,361.7201267502728,358.1192399021344,349.1955814306248
196,10/12/2020,376.480011,0.018822498,0.000380563,0.001305405,366.06654997883527,362.4308335565047,353.3971624111629
197,10/13/2020,380.679993,0.011094155,0.000379115,0.001355094,373.05232340943036,369.34557438516543,360.1532323398705
198,10/14/2020,378.339996,-0.006165857,0.000377485,0.001317109,377.254808438521,373.50205828876585,364.241602958141
199,10/15/2020,376.579987,-0.004662778,0.000375767,0.001287059,374.9215203449392,371.21001446420047,362.0718934444131
200,10/16/2020,381.540009,0.013085245,0.00037458,0.00134605,373.18879955668996,369.50828698398294,360.3865472495551
201,10/19/2020,375.559998,-0.015797478,0.000374172,0.001260759,378.12988444324435,374.39687419336144,365.1932213042081
202,10/20/2020,378.309998,0.00729572,0.000372499,0.001290635,372.17661482186935,368.4955916211644,359.4480621453951
203,10/21/2020,377.820007,-0.00129605,0.000370697,0.001277893,374.9165024639794,371.231779378136,362.1514006659349
204,10/22/2020,375.75,-0.005493882,0.000369103,0.001244698,374.443449806982,370.7700616792024,361.64840398874173
205,10/23/2020,374.600006,-0.003065223,0.000367393,0.001223674,372.3711693006936,368.7411850192336,359.7630009002056
206,10/26/2020,370.709991,-0.010438745,0.000366266,0.00116706,371.2302913821796,367.6137457464502,358.66901722942066
207,10/27/2020,372.720001,0.005407409,0.000364583,0.001187545,367.3792882880092,363.7902206106625,354.92915919460813
208,10/28/2020,364.959991,-0.021039736,0.000365194,0.001080683,369.3893112008413,365.7883470260293,356.90760354051014
209,10/29/2020,364.859985,-0.000274057,0.000363456,0.001074201,361.64947624900833,358.12024137334834,349.3936816836863
210,10/30/2020,357.619995,-0.020042721,0.000363838,0.000973644,361.5545756636948,358.02867635325237,349.32573861832634
211,11/2/2020,364.390015,0.018753808,0.000363605,0.00105791,354.3300456474327,350.8871540387621,342.3487413376734
212,11/3/2020,371.959991,0.020561534,0.000363676,0.001149909,361.08179998610376,357.5663321106679,348.8977359922417
213,11/4/2020,376.170013,0.011254906,0.000362446,0.00119735,368.6215578749365,365.0278705690881,356.1882485672262
214,11/5/2020,385.230011,0.023799384,0.000363128,0.001302967,372.8054965471657,369.19901970740733,360.25297887971334
215,11/6/2020,385.660004,0.001115576,0.000361439,0.001302095,381.82728890302474,378.11086811713096,368.9463516612242
216,11/9/2020,365.0,-0.055058809,0.000374404,0.001041165,382.2693930208185,378.5561646600048,369.3479300420234
217,11/10/2020,366.619995,0.004428522,0.000372731,0.001056775,361.6193416735119,358.0630937841438,349.2309181210359
218,11/11/2020,372.920013,0.017038079,0.000372188,0.001130084,363.2360890922213,359.67329030350345,350.84230799620906
219,11/12/2020,375.709991,0.007453591,0.00037067,0.001158958,369.51685941086424,365.8846577524827,356.91250715835343
220,11/13/2020,378.839996,0.008296397,0.000369216,0.001191401,372.29456286723513,368.6414068930027,359.58676282806516
221,11/16/2020,379.790009,0.00250455,0.000367553,0.001197343,375.4343507359496,371.76290319077305,362.70241328994797
222,11/17/2020,381.920013,0.005592705,0.000365984,0.001217142,376.36716544775635,372.70173141080784,363.6239381699033
223,11/18/2020,382.230011,0.000811354,0.000364343,0.001215322,378.5117268076506,374.79588673444346,365.6937877354836
224,11/19/2020,383.540009,0.003421391,0.000362738,0.001225171,378.8225107434519,375.13445391319476,366.00766541833065
225,11/20/2020,381.119995,-0.006329668,0.000361379,0.001191594,380.12967718797,376.4279822883642,367.2532758389867
226,11/23/2020,381.709991,0.001546861,0.00035978,0.001193166,377.70648837443986,374.05073187350933,365.0039359697543
227,11/24/2020,384.220001,0.006554173,0.000358321,0.001216783,378.31599441502976,374.661578666656,365.6383667524088
228,11/25/2020,387.75,0.009145494,0.000357024,0.001251558,380.8130406636044,377.1353437621848,367.997170097378
229,11/27/2020,388.390015,0.001649226,0.000355466,0.001253294,384.32613701260505,380.62337385055946,371.4629214383755
230,11/30/2020,391.769989,0.008664877,0.000354158,0.001285518,384.98247420518834,381.2878856107052,372.1614034997146
231,12/1/2020,387.559998,-0.010804234,0.000353255,0.001233182,388.35954266692573,384.63474966208764,375.40423136340775
232,12/2/2020,383.5,-0.01053105,0.000352326,0.001182474,384.1705834461778,380.49489182545494,371.3341339285553
233,12/3/2020,374.049988,-0.024950175,0.000353733,0.001070317,380.1318560606156,376.49984556997316,367.55583105558804
234,12/4/2020,373.429993,-0.001658894,0.000352253,0.001058653,370.7158326553467,367.16689134912093,358.34340448208724
235,12/7/2020,373.329987,-0.00026784,0.000350761,0.001053009,370.1031922636746,366.56112252565964,357.80312054437775
236,12/8/2020,377.600006,0.011372738,0.000349724,0.001096736,370.03109852278766,366.50776169100544,357.73177299115
237,12/9/2020,374.290009,-0.008804528,0.000348661,0.001054959,374.2604575297793,370.6886722849487,361.8396204261257
238,12/10/2020,372.790009,-0.00401564,0.000347303,0.001033654,370.9722690189376,367.46004169572944,358.67374994351553
239,12/11/2020,375.100006,0.006177391,0.00034596,0.001055176,369.48694630660543,365.98211827295495,357.24756374888926
240,12/14/2020,374.380005,-0.001921335,0.000344556,0.001042774,371.78190000236845,368.26511065140033,359.573544552278
241,12/15/2020,371.880005,-0.006700103,0.000343374,0.001010646,371.0907921449305,367.58556872410094,358.87696537512676
242,12/16/2020,369.440002,-0.006582884,0.000342192,0.000979267,368.5882908022918,365.1083767811098,356.4783214286102
243,12/17/2020,370.290009,0.002298156,0.000340791,0.000984695,366.17388786433565,362.71450587733483,354.1659215183555
244,12/18/2020,367.0,-0.008924659,0.000339795,0.000944083,367.0362588072404,363.57656081213446,355.0557047545227
245,12/21/2020,364.970001,-0.005546687,0.000338579,0.00091759,363.77025792405027,360.3373892063421,351.8137591534048
246,12/22/2020,362.029999,-0.008088083,0.000337531,0.000880981,361.7169167268889,358.32575717244123,349.88238049384415
247,12/23/2020,361.890015,-0.000386739,0.000336171,0.000875849,358.8124030882422,355.4561181140131,347.1017181674703
248,12/24/2020,364.579987,0.007405631,0.000334987,0.000902179,358.6861146901483,355.33070191013314,347.04852519187557
249,12/28/2020,371.059998,0.017617799,0.000334759,0.00096931,361.3599176237411,357.97990423357334,349.62608104240195
250,12/29/2020,372.720001,0.004463701,0.000333469,0.000983287,367.795159303226,364.3656180381823,355.961661325071
251,12/30/2020,374.450012,0.004630845,0.000332193,0.000997819,369.47224157946454,366.02686612321884,357.52564280478765
252,12/31/2020,376.779999,0.006203145,0.000330982,0.001018475,371.18865867608423,367.72947750702053,359.18353075486704
253,1/4/2021,380.149994,0.008904436,0.000329919,0.001049645,373.52082311031955,370.0515395255753,361.4280979231661
254,1/5/2021,375.73999,-0.011668508,0.000329254,0.000999574,376.87919809181614,373.37932618835794,364.7389008663907
255,1/6/2021,370.019989,-0.01534036,0.000329006,0.000935496,372.4871763292723,369.04526369154377,360.5172900256572
256,1/7/2021,367.920013,-0.00569147,0.000327891,0.000909609,366.80393222865405,363.41333836112165,355.01922616679104
257,1/8/2021,369.940002,0.005475277,0.000326696,0.000927374,364.7124096508706,361.3508224999568,353.03235692662565
258,1/11/2021,364.01001,-0.016159468,0.000326557,0.000861146,366.72769876487115,363.36905517123125,355.01791221510894
259,1/12/2021,364.200012,0.000521833,0.000325297,0.000859836,360.81201965355467,357.49268981464786,349.2705404215909
260,1/13/2021,366.950012,0.007522431,0.000324216,0.000885461,361.0274787782927,357.71650722876615,349.49617834117294
261,1/14/2021,362.350006,-0.01261502,0.000323669,0.000833735,363.7559673622213,360.40850252291295,352.11136023966907
262,1/15/2021,362.160004,-0.000524498,0.000322441,0.000828551,359.2032586466145,355.90699811267916,347.70564516612103
263,1/19/2021,354.470001,-0.021462395,0.000323097,0.000743795,359.00338015423284,355.7167112578304,347.55914743178664
264,1/20/2021,361.299988,0.019084886,0.000323143,0.000813269,351.3551248487537,348.1336461263384,340.15823092508623
265,1/21/2021,362.799988,0.00414308,0.000321965,0.000825834,358.1317355606024,354.84949964480927,346.7210832854165
266,1/22/2021,362.299988,-0.00137912,0.000320773,0.000817545,359.64275511080393,356.3558529037593,348.2338106022173
267,1/25/2021,361.880005,-0.001159886,0.000319586,0.000810139,359.14452047210835,355.8677190123351,347.77695306182903
268,1/26/2021,364.980011,0.008529909,0.000318615,0.000838944,358.74231488525743,355.4794205226472,347.3582111663206
269,1/27/2021,356.390015,-0.023816909,0.000319682,0.000747286,361.8267145501044,358.5433457328143,350.39587139562275
270,1/28/2021,357.059998,0.00187815,0.000318503,0.000751475,353.291570366057,350.07519217819674,342.0607201672037
271,1/29/2021,352.429993,-0.013051828,0.000318028,0.00070054,353.9382336506085,350.71487471423256,342.73925102917406
272,2/1/2021,350.519989,-0.005434266,0.000316997,0.000677986,349.3376672372843,346.15377528613215,338.29653138510935
273,2/2/2021,355.579987,0.014332488,0.000316516,0.000728002,347.4433967285042,344.28491952330677,336.5088571412842
274,2/3/2021,355.209991,-0.001041084,0.000315372,0.000721546,352.48217840079195,349.2907458633263,341.37056422653137
275,2/4/2021,355.850006,0.001800172,0.00031423,0.000725468,352.1118038619806,348.92111355514606,340.9827437904492
276,2/5/2021,355.170013,-0.001912726,0.000313116,0.000715909,352.76015690665247,349.57161094191315,341.62316416851144
277,2/8/2021,359.829987,0.013035077,0.000312532,0.000760383,352.09144128397395,348.9031203626019,341.0092256838977
278,2/9/2021,359.559998,-0.000750605,0.000311416,0.000754947,356.721331107493,353.5015863585,345.52746123178315
279,2/10/2021,356.119995,-0.009613317,0.000310683,0.000717785,356.4601267447382,353.2508089723956,345.3029995149458
280,2/11/2021,352.200012,-0.011068509,0.000310068,0.000675691,353.04144301360725,349.85592233226214,342.0186799295836
281,2/12/2021,352.75,0.001560361,0.000308967,0.00067884,349.15831169548716,346.02423137115454,338.24946035828225
282,2/16/2021,354.0,0.003537322,0.000307901,0.000688976,349.6865078133071,346.560745917435,338.7856789659217
283,2/17/2021,358.040009,0.011347824,0.000307213,0.00072664,350.93463331713036,347.8021290874638,340.0041443206356
284,2/18/2021,356.920013,-0.003133034,0.000306183,0.000713049,354.97363500908716,351.79346809223216,343.92352083415403
285,2/19/2021,354.769989,-0.006042042,0.000305269,0.000689347,353.85716228036694,350.6996027738108,342.8512912914061
286,2/22/2021,350.209991,-0.012936712,0.000304848,0.000641704,351.7145228805926,348.5782041901977,340.8663828352409
287,2/23/2021,342.149994,-0.023283729,0.000305773,0.00055834,347.1764515313126,344.080150593892,336.46001113525256
288,2/24/2021,340.700012,-0.00424686,0.000304792,0.000541655,339.17211852774136,336.14297405828836,328.641538122961
289,2/25/2021,333.899994,-0.020160831,0.000305215,0.00047002,337.73081751455203,334.7233759018772,327.2944892723862
290,2/26/2021,331.0,-0.008723154,0.000304453,0.00043832,330.962252077107,328.021090332246,320.67938985043133
291,3/1/2021,331.769989,0.002323549,0.000303419,0.000444798,328.0714141281367,325.16142273742753,317.88840661463087
292,3/2/2021,328.459991,-0.010026887,0.000302754,0.000408936,328.8620222750818,325.94221304289465,318.7048510043064
293,3/3/2021,323.920013,-0.013918426,0.000302419,0.000360037,325.56074986257687,322.66551989946646,315.4919069763299
294,3/4/2021,319.040009,-0.015180097,0.000302209,0.00030718,321.05559822910675,318.20792100117126,311.16621960336295
295,3/5/2021,317.320007,-0.005405764,0.000301295,0.000287814,316.1920053330546,313.38318631438403,306.42507985515203
296,3/8/2021,311.420013,-0.018768225,0.000301499,0.000223435,314.49127173992593,311.7100316488634,304.81558606084843
297,3/9/2021,318.779999,0.023358681,0.00030228,0.000301332,308.6186725919667,305.8934534255686,299.13713488942847
298,3/10/2021,323.829987,0.01571744,0.000302061,0.000353064,315.94457546711044,313.14507150049286,306.1921585195372
299,3/11/2021,328.649994,0.01477469,0.000301744,0.000401297,320.94593487678003,318.1067138862065,311.0496252817918
300,3/12/2021,331.140015,0.007547956,0.000300908,0.000425119,325.75087251861754,322.85503218829723,315.70371341910936
301,3/15/2021,330.51001,-0.001904346,0.000299926,0.00041738,328.2280144155105,325.3265145596823,318.12378728683893
302,3/16/2021,327.25,-0.009912541,0.000299285,0.000383175,327.61340810444784,324.720563700216,317.5575163669671
303,3/17/2021,329.190002,0.005910693,0.000298398,0.000401417,324.36384709931144,321.4980798975892,314.41584976424303
304,3/18/2021,322.980011,-0.019044662,0.000298656,0.00033745,326.2991606397863,323.4312124326924,316.2686748949143
305,3/19/2021,328.910004,0.018193733,0.000298719,0.000395995,320.1396742237613,317.3194741036946,310.33349188623237
306,3/22/2021,334.48999,0.016822785,0.000298622,0.000449677,326.0160057183363,323.14671959246783,315.98083225179124
307,3/23/2021,340.339996,0.017338152,0.000298575,0.000504689,331.57612066111614,328.65755396081096,321.4003759416255
308,3/24/2021,338.040009,-0.006780848,0.000297777,0.000481034,337.3911020788029,334.4192584820133,327.0491257905555
309,3/25/2021,346.339996,0.024256682,0.000298637,0.000557978,335.1051591441982,332.14936659524193,324.8031078086132
310,3/26/2021,352.019989,0.016267021,0.000298467,0.000608653,343.3481097237686,340.33271322983086,332.82679824139535
311,3/29/2021,356.149994,0.011664013,0.000297899,0.0006442,349.00893569333675,345.93278846119625,338.325358514072
312,3/30/2021,349.75,-0.01813336,0.000298071,0.000584016,353.1137784288053,350.0016921740714,342.30073459903326
313,3/31/2021,352.480011,0.007775301,0.000297283,0.000606991,346.73814043963546,343.68570290650746,336.1392799439474
314,4/1/2021,354.940002,0.006954852,0.000296464,0.000627207,349.475254657042,346.4059252699489,338.8026033414162
315,4/5/2021,360.820007,0.016430472,0.000296314,0.000677376,351.91599920429223,348.8270372837644,341.16421757247446
316,4/6/2021,360.119995,-0.001941943,0.000295398,0.000669087,357.76539147321466,354.6238414207487,346.8371371423854
317,4/7/2021,358.809998,-0.0036443,0.000294524,0.000655481,357.0653927961798,353.94387295579907,346.186149535759
318,4/8/2021,361.220001,0.006694199,0.000293712,0.00067447,355.7710385508451,352.64966047843615,344.93498227098513
319,4/9/2021,363.209991,0.005493961,0.000292864,0.000689578,358.1792463432479,355.0560953218813,347.2916808904404
320,4/12/2021,364.809998,0.00439551,0.000291992,0.000701159,360.1523239342088,357.0217449998398,349.2269293805396
321,4/13/2021,365.209991,0.001095841,0.000291083,0.000702389,361.75737650996194,358.60303877324026,350.78268020559364
322,4/14/2021,363.170013,-0.005601426,0.000290302,0.000682812,362.1527286735864,358.98471798353506,351.1962238306706
323,4/15/2021,368.799988,0.015383379,0.00029007,0.000728324,360.1244603614927,356.99879351392434,349.1860072258813
324,4/16/2021,370.720001,0.005192604,0.000289236,0.000742103,365.74482303792615,362.5697851802178,354.7136549465903
325,4/19/2021,369.549988,-0.003161047,0.000288393,0.000730093,367.6454364708452,364.4670460484771,356.5627031791014
326,4/20/2021,371.730011,0.005881797,0.000287589,0.000745896,366.48700563558754,363.3151778924854,355.47270569502336
327,4/21/2021,374.089996,0.006328586,0.000286805,0.000762969,368.64627033435653,365.4613084474851,357.5566665609748
328,4/22/2021,371.26001,-0.007593747,0.000286143,0.000737491,371.0164608572909,367.81602995314563,359.86666869309255
329,4/23/2021,373.279999,0.005426153,0.000285339,0.000751742,368.1936317900478,365.008376124572,357.1444252676542
330,4/26/2021,368.519989,-0.012833851,0.000285032,0.000710574,370.22721688697754,367.0408535376869,359.150890039779
331,4/27/2021,370.209991,0.004575433,0.000284216,0.00072225,365.48000160074747,362.3411833348801,354.5214394131358
332,4/28/2021,369.589996,-0.001676116,0.000283378,0.000715026,367.156192432582,364.0005455865284,356.1526432289442
333,4/29/2021,373.540009,0.010630846,0.000282821,0.000744803,366.5565738677292,363.41780585015437,355.5722479919725
334,4/30/2021,372.089996,-0.003889368,0.000282038,0.000730928,370.48756335350924,367.31438278297475,359.4364853909926
335,5/3/2021,379.320007,0.019244445,0.000282216,0.000786193,369.0487463656252,365.8822558004473,358.0226575339479
336,5/4/2021,375.290009,-0.01068111,0.000281767,0.000752064,376.2303625512311,373.0284071477671,364.981699547632
337,5/5/2021,372.5,-0.007462047,0.00028113,0.00072769,372.24594854329,369.0440613141048,361.1270553160466
338,5/6/2021,382.76001,0.027171149,0.000282361,0.000805925,369.4575153715791,366.2980660766549,358.46667594191194
339,5/7/2021,384.320007,0.00406737,0.000281559,0.000815545,379.6606633337661,376.41030461661956,368.3487330030818
340,5/10/2021,381.480011,-0.007417104,0.00028093,0.000791332,381.21274971782896,377.95578035350417,369.8611018090388
341,5/11/2021,378.179993,-0.008688199,0.000280369,0.000763533,378.3696245502572,375.13364412328326,367.11813739405346
342,5/12/2021,372.200012,-0.015938878,0.000280363,0.000714695,375.1091521114519,371.91443057042187,363.9600281590303
343,5/13/2021,379.529999,0.019502266,0.000280571,0.000769469,369.16010914016834,366.0114243364624,358.2019116332701
344,5/14/2021,384.420013,0.012802096,0.000280175,0.000804448,376.43956604993053,373.2197840287895,365.2554991436786
345,5/17/2021,383.959991,-0.001197382,0.000279375,0.000798645,381.3235475379155,378.0744067091415,370.02287092970164
346,5/18/2021,382.809998,-0.00299958,0.000278609,0.000787668,380.84928980184657,377.6218753558257,369.58860577174806
347,5/19/2021,379.660004,-0.008262651,0.000278041,0.000761586,379.72198702063616,376.48787699206156,368.46907892325873
348,5/20/2021,383.579987,0.010272044,0.000277502,0.000788915,376.5958995413274,373.3861469573558,365.4154697151496
349,5/21/2021,380.720001,-0.007483971,0.000276902,0.000765211,380.49521676516457,377.2646352900561,369.25300030445277
350,5/24/2021,383.450012,0.007145066,0.000276227,0.000783439,377.6430432083288,374.4464430719267,366.4923551484723
351,5/25/2021,385.380005,0.005020608,0.000275491,0.000795511,380.36837000980495,377.14233431921275,369.1578926645666
352,5/26/2021,385.619995,0.000622542,0.000274708,0.000795019,382.29222869583555,379.0598553533816,371.04330724456236
353,5/27/2021,387.5,0.004863433,0.000273977,0.000806544,382.54684819206125,379.31070516763805,371.2682166830205
354,5/28/2021,378.269989,-0.024107652,0.000274951,0.000736165,384.40144114173626,381.1558585144037,373.13759017249316
355,6/1/2021,378.230011,-0.000105692,0.000274179,0.000733794,375.216530991783,372.0549156204069,364.17313192151624
356,6/2/2021,380.589996,0.006220164,0.000273493,0.000749205,375.1912578303433,372.0208928654901,364.1554659702665
357,6/3/2021,383.869995,0.008581271,0.000272898,0.000771144,377.5483516219099,374.3621667094444,366.4858718850026
358,6/4/2021,387.519989,0.009463491,0.000272346,0.000795424,380.8093663185329,377.6050178267511,369.66311633877206
359,6/7/2021,380.399994,-0.018544117,0.000272627,0.000741553,384.44279623919203,381.2148766511983,373.1785205273032
360,6/8/2021,379.700012,-0.001841816,0.000271888,0.000734377,377.3421594881696,374.16204975266896,366.2331523073275
361,6/9/2021,379.959991,0.000684461,0.000271135,0.000734239,376.6648942902078,373.5016251721068,365.6537023268979
362,6/10/2021,383.01001,0.007995164,0.000270531,0.000754297,376.9082470258387,373.7429117358827,365.9159259534206
363,6/11/2021,381.829987,-0.003085675,0.000269826,0.000743718,379.95622648873945,376.77231357192574,368.87144646467004
364,6/14/2021,383.76001,0.005041934,0.000269136,0.000755527,378.78470078152526,375.61965264045585,367.7251621319789
365,6/15/2021,383.910004,0.000390777,0.000268399,0.000754527,380.7165241121392,377.5337428084894,369.6666745845945
366,6/16/2021,379.410004,-0.011790735,0.000268094,0.000720251,380.8671915315355,377.6840260210574,369.7690664775952
367,6/17/2021,384.75,0.013976348,0.000267841,0.000756371,376.3851749613367,373.2365187074224,365.488498762588
368,6/18/2021,380.880005,-0.010109395,0.000267433,0.000726844,381.69659094454016,378.511759594766,370.58403348005936
369,6/21/2021,386.799988,0.015423355,0.000267292,0.000766672,377.8513251734496,374.69556509235764,366.89017476921737
370,6/22/2021,392.179993,0.013813168,0.000267029,0.000801933,383.73146220165694,380.531202584007,372.614949342374
371,6/23/2021,391.970001,-0.000535591,0.000266314,0.000798328,389.1074119918909,385.8477208770663,377.81281129111045
372,6/24/2021,392.070007,0.000255104,0.000265599,0.000796868,388.89813395251116,385.6706108805849,377.6104853762835
373,6/25/2021,394.51001,0.006204101,0.000264965,0.000811364,388.99011147713196,385.76531887788474,377.7312893791971
374,6/28/2021,396.540009,0.005132428,0.000264306,0.000822918,391.42561640696243,388.1727721358858,380.0926924850779
375,6/29/2021,398.790009,0.005658044,0.000263663,0.000835812,393.4504417210033,390.1899286450457,382.1176196945827
376,6/30/2021,395.670013,-0.007854422,0.000263162,0.000812699,395.6930252364763,392.42233112342626,384.2691734555084
377,7/1/2021,394.529999,-0.002885383,0.000262501,0.00080289,392.59026202448905,389.3362792567446,381.28409954827487
378,7/2/2021,398.940002,0.011115854,0.000262087,0.000830173,391.4642124786223,388.2202577509923,380.1778963820627
379,7/6/2021,398.859985,-0.000200594,0.000261398,0.000827453,395.84011494579875,392.57786362047216,384.4948210205065
380,7/7/2021,404.679993,0.014486174,0.0002612,0.000863397,395.754729367122,392.5054118611051,384.39832793032974
381,7/8/2021,407.149994,0.006085039,0.000260586,0.000877102,401.56001134884247,398.2529890972791,390.038138093336
382,7/9/2021,412.369995,0.012739339,0.000260271,0.000908155,404.03576529558006,400.713664852669,392.42339175597334
383,7/12/2021,407.880005,-0.010947967,0.000259957,0.000877199,409.2152450537253,405.83766640356384,397.4984373173505
384,7/13/2021,407.059998,-0.002012436,0.000259302,0.000869674,404.73608638311674,401.4108551451467,393.1338820156739
385,7/14/2021,409.950012,0.007074641,0.000258728,0.000885791,403.9409339612197,400.61434916236374,392.4098076135598
386,7/15/2021,411.820007,0.004551147,0.000258093,0.000895287,406.8158727311972,403.4818486203073,395.17287494058286
387,7/16/2021,410.369995,-0.003527198,0.000257476,0.000883859,408.6920016716185,405.3415573395505,397.01837067291484
388,7/19/2021,414.149994,0.009169033,0.000256989,0.000905213,407.2563362622893,403.92499146335143,395.65425244779044
389,7/20/2021,416.23999,0.00503378,0.000256372,0.000915826,411.0118908192375,407.6460215120272,399.3191882425825
390,7/21/2021,415.01001,-0.002959353,0.000255753,0.00090589,413.08615917339074,409.7056537671124,401.33080300107474
391,7/22/2021,417.540009,0.006077729,0.000255167,0.000919117,411.8530218002986,408.50189494124317,400.207461737636
392,7/23/2021,423.429993,0.014007825,0.000254952,0.000952506,414.38467011830033,411.01995117679405,402.6696613988664
393,7/26/2021,423.230011,-0.000472402,0.000254309,0.000948881,420.2563256664208,416.8258640942648,408.32816874361777
394,7/27/2021,424.339996,0.002619219,0.00025367,0.00095312,420.0433651011495,416.6413677381709,408.16330828658084
395,7/28/2021,422.220001,-0.005008504,0.000253118,0.000938027,421.1543591519841,417.73505359163823,409.25240656409
396,7/29/2021,425.279999,0.007221266,0.000252578,0.000953894,419.0288737074462,415.64226673229774,407.1886528294759
397,7/30/2021,429.720001,0.010386063,0.000252165,0.000977653,422.1087996917586,418.68683860063095,410.17055845871005
398,8/2/2021,428.920013,-0.001863384,0.000251552,0.000970515,426.53100724944545,423.07316803305946,414.48913772557245
399,8/3/2021,435.070007,0.014236502,0.000251362,0.001003763,425.71204677047217,422.2771379585621,413.7632673348219
400,8/4/2021,435.040009,-6.9e-05,0.000250736,0.001001081,431.8514762755083,428.3720604513519,419.7078209499368
401,8/5/2021,443.190002,0.018560575,0.000250878,0.00104487,431.80978091988,428.304898476219,419.65723693302726
402,8/6/2021,439.630005,-0.008065101,0.00025046,0.001022208,439.9329806728024,436.38400274608637,427.577837566005
403,8/9/2021,440.470001,0.001908865,0.00024984,0.001024409,436.38410257739224,432.86380161777447,424.09876503895106
404,8/10/2021,443.029999,0.005795145,0.000249278,0.001036217,437.22673316944923,433.71476754316416,424.9169917658342
405,8/11/2021,444.299988,0.002862497,0.000248671,0.001040727,439.76866404332225,436.2456971220841,427.44166572415895
406,8/12/2021,445.359985,0.002382927,0.000248063,0.001044033,441.0580841289547,437.4968113302683,428.6552944642582
407,8/13/2021,447.820007,0.005508471,0.000247502,0.001055002,442.10364869913366,438.56033741547986,429.76844729476323
408,8/16/2021,452.859985,0.011191612,0.000247147,0.001079846,444.56390605111693,440.98559569965585,432.1404988056154
409,8/17/2021,452.339996,-0.001148893,0.000246554,0.001074397,449.58057796893326,445.9726999576526,437.02437128443705
410,8/18/2021,446.209991,-0.013644428,0.00024648,0.001038498,449.0618253975271,445.46167123590556,436.562972543762
411,8/19/2021,454.26001,0.01788007,0.000246569,0.001079475,442.96597464180985,439.40840870986204,430.6016160670491
412,8/20/2021,458.98999,0.010358658,0.000246179,0.001101997,450.96766473786215,447.36829249475653,438.42951223368016
413,8/23/2021,454.929993,-0.008884856,0.000245824,0.001077816,455.6667347136753,452.01898747062967,442.9747281931558
414,8/24/2021,451.790009,-0.006926056,0.000245384,0.001058483,451.6342167126666,448.0045215247762,439.09684933001756
415,8/25/2021,451.230011,-0.001240278,0.000244806,0.001052943,448.517454494949,444.93825520571517,436.0394727613317
416,8/26/2021,449.309998,-0.004264143,0.000244285,0.001040162,447.9555948769858,444.3782470723563,435.44519975277206
417,8/27/2021,450.339996,0.002289776,0.000243703,0.001043159,446.0491920536138,442.50743302975906,433.63864386846376
418,8/30/2021,455.929993,0.012336429,0.000243424,0.001070176,447.0691573042954,443.50067129355836,434.66456343726674
419,8/31/2021,455.48999,-0.000965533,0.000242853,0.001065318,452.65332338302966,449.051169809846,440.08637889975887
420,9/1/2021,456.519989,0.002258746,0.000242278,0.001068159,452.20913646328967,448.61107798879107,439.6444772610756
421,9/2/2021,460.970001,0.009700481,0.000241879,0.001088663,453.23154890074824,449.6453885730144,440.72561665793336
422,9/3/2021,462.549988,0.003421666,0.000241319,0.001094192,457.66836105554665,454.0444826359764,444.9984387929385
423,9/7/2021,459.600006,-0.006398074,0.000240881,0.00107648,459.2527816812224,455.624759329606,446.5892294394705
424,9/8/2021,465.700012,0.013185117,0.000240658,0.001105038,456.3142196381859,452.7108132059422,443.77783391365415
425,9/9/2021,465.940002,0.000515199,0.000240092,0.00110365,462.3835198693348,458.7316212516112,449.6113674768559
426,9/10/2021,465.160004,-0.001675434,0.000239547,0.001097126,462.63221082364356,458.9714924419834,449.89251840421514
427,9/13/2021,459.660004,-0.011894347,0.00023938,0.001066701,461.855327309287,458.21410712880265,449.16113557660475
428,9/14/2021,458.410004,-0.002723106,0.000238854,0.001057847,456.38523325014825,452.7810956651303,443.84926713428564
429,9/15/2021,460.730011,0.005048223,0.000238335,0.001067148,455.13500952662946,451.54477366931195,442.6343631252845
430,9/16/2021,463.309998,0.00558416,0.000237828,0.001077653,457.4498653361462,453.8549310714601,444.91020421144657
431,9/17/2021,459.51001,-0.008235646,0.000237477,0.001056044,460.02322481443616,456.4108506986816,447.39608533463525
432,9/20/2021,451.140015,-0.01838298,0.0002378,0.001011046,456.2233683081404,452.63878289025826,443.756446781909
433,9/21/2021,452.109985,0.002147734,0.000237254,0.001013672,447.9057300587025,444.3858481724675,435.6340242111379
434,9/22/2021,452.329987,0.000486493,0.000236708,0.001012457,448.8812101236321,445.35734034203233,436.63319914991064
435,9/23/2021,452.779999,0.000994381,0.000236163,0.001012415,449.10465775377224,445.55841858169913,436.8109257014981
436,9/24/2021,467.75,0.032527611,0.000237894,0.001084698,449.5553074743689,446.0189229199925,437.2972694820192
437,9/27/2021,460.559998,-0.015490829,0.000237977,0.001046768,464.42602185059843,460.776953238461,451.72527245840774
438,9/28/2021,447.350006,-0.029101837,0.000239505,0.000977935,457.26464559850547,453.6660885441546,444.72628045731756
439,9/29/2021,451.790009,0.009876191,0.000239139,0.000998205,444.09809250045305,440.5866128450532,431.85626430688495
440,9/30/2021,449.350006,-0.005415383,0.000238689,0.000983628,448.531202438727,444.9839803336196,436.2249918011877
441,10/1/2021,448.329987,-0.002272568,0.000238171,0.000976245,446.0898205181193,442.58631727341697,433.8573842843805
442,10/4/2021,440.140015,-0.018436647,0.000238483,0.000932324,445.0848797081769,441.577133242553,432.8859779556731
443,10/5/2021,446.23999,0.013764009,0.000238316,0.000961289,436.9426683817374,433.5008196671187,424.93866971008725
444,10/6/2021,449.339996,0.006922929,0.000237859,0.000974717,443.0087579485232,439.5216765315065,430.87087886390674
445,10/7/2021,452.869995,0.007825267,0.00023743,0.000990111,446.1065471878792,442.60808088841503,433.8482361962506
446,10/8/2021,451.850006,-0.002254818,0.000236921,0.000982835,449.60425297156604,446.0772077389109,437.30072282625156
447,10/11/2021,449.700012,-0.004769559,0.000236465,0.000969967,448.6065904891195,445.08161485009254,436.2973988411689
448,10/12/2021,446.869995,-0.006313007,0.000236055,0.00095371,446.47288294913176,442.9754942203345,434.26992325155436
449,10/13/2021,445.299988,-0.003519528,0.000235574,0.000943747,443.6577374912271,440.1795253155016,431.5440367686062
450,10/14/2021,450.660004,0.011964998,0.00023532,0.000968239,442.1017873794985,438.6541363959739,430.00463228168155
451,10/15/2021,452.390015,0.003831489,0.000234816,0.000974588,447.4327739478438,443.9404867013398,435.17350996698144
452,10/18/2021,461.950012,0.020912013,0.000235174,0.001018697,449.14395442914724,445.6520114918934,436.8874709309201
453,10/19/2021,467.079987,0.011043835,0.000234876,0.001040827,458.6691576139279,455.0809245128208,446.16765078315194
454,10/20/2021,469.769989,0.005742668,0.000234407,0.001051184,463.7834354350449,460.1592648267112,451.1882580598471
455,10/21/2021,477.230011,0.015755388,0.000234366,0.001083501,466.44523518040745,462.796956073568,453.75426079085975
456,10/22/2021,481.98999,0.009924768,0.000234023,0.00110289,473.8688359218631,470.15646750032704,460.9646407596216
457,10/25/2021,490.100006,0.016686118,0.000234041,0.001136989,478.6131276083081,474.8652559634998,465.54972336897356
458,10/26/2021,485.529999,-0.009368388,0.000233771,0.001114051,486.6695285371939,482.86689680835013,473.42751952697785
459,10/27/2021,489.109985,0.007346307,0.000233346,0.001127629,482.1470742277659,478.38101487525887,468.996822503849
460,10/28/2021,490.529999,0.002899055,0.000232846,0.00113148,485.6973365537239,481.907942707477,472.5088204442174
461,10/29/2021,491.540009,0.002056901,0.000232342,0.001133487,487.1266687427091,483.32401789413865,473.8835949608155
462,11/1/2021,491.869995,0.000671106,0.00023184,0.001132487,488.1284808153585,484.3435187281362,474.94362227916565
463,11/2/2021,496.98999,0.010355441,0.000231523,0.001152407,488.46223073057143,484.66330246842233,475.1932826827057
464,11/3/2021,502.329987,0.010687363,0.000231219,0.001172956,493.5433637271922,489.72448582947675,480.19644012722483
465,11/4/2021,515.619995,0.026112802,0.000232057,0.00122659,498.88150154356833,495.00396848451976,485.3853537228823
466,11/5/2021,513.119995,-0.004860324,0.000231638,0.001213528,512.0945432985549,508.1152319966114,498.2295820869322
467,11/8/2021,503.809998,-0.018310517,0.000231956,0.001171721,509.5925754626815,505.6354123497193,495.8026373757182
468,11/9/2021,508.709991,0.009678883,0.000231615,0.001189898,500.3251027114265,496.4403063834514,486.7818440847343
469,11/10/2021,505.51001,-0.006310251,0.000231241,0.001173907,505.1867052040856,501.25843095531286,491.55516550335216
470,11/11/2021,512.179993,0.013108272,0.000231051,0.001199299,502.0223479880545,498.1292227476438,488.48365137033534
471,11/12/2021,517.169983,0.009695496,0.000230714,0.001217337,508.6680833056715,504.7242164514191,494.93267967844906
472,11/15/2021,519.890015,0.005245672,0.000230259,0.001225872,513.6404540763234,509.6532234195849,499.78427430899717
473,11/16/2021,526.719971,0.013051763,0.000230067,0.001250874,516.3536296538091,512.3652869151224,502.4134141095103
474,11/17/2021,526.289978,-0.000816693,0.000229591,0.001246512,523.1423762420626,519.1051985172969,509.03380188535886
475,11/18/2021,529.369995,0.005835261,0.000229152,0.001256173,522.7188241361177,518.6752564327759,508.613293846558
476,11/19/2021,533.789978,0.008314851,0.000228775,0.001271002,525.7855864236558,521.7256590243613,511.66656962704684
477,11/22/2021,539.650024,0.010918364,0.00022849,0.001291227,530.1833130820122,526.0991155053252,515.9846124466967
478,11/23/2021,545.26001,0.010341938,0.000228183,0.001310161,535.9986746737042,531.85539983849,521.5828981884214
479,11/24/2021,549.72998,0.008164449,0.000227805,0.001324471,541.5983174339243,537.4247790496769,527.0338102668658
480,11/26/2021,546.130005,-0.00657016,0.00022746,0.001308024,546.0650304323162,541.860154707643,531.4131556754968
481,11/29/2021,554.880005,0.015894831,0.000227428,0.00133835,542.4732128481058,538.2951760662444,527.9181665683769
482,11/30/2021,539.380005,-0.028331542,0.000228779,0.001276794,551.18602359697,546.9434032265559,536.4112821767072
483,12/1/2021,529.840027,-0.017845216,0.000229061,0.001237204,535.7287374881975,531.6056794601767,521.3073157146961
484,12/2/2021,525.51001,-0.008205886,0.000228771,0.001217693,526.243408421169,522.1817171677851,512.1045088453257
485,12/3/2021,528.929993,0.006486846,0.000228357,0.001228558,521.934573851329,517.9153020028672,507.90090319276925
486,12/6/2021,533.200012,0.008040526,0.000227982,0.001242574,525.3514811481754,521.2994676934193,511.2477730204349
487,12/7/2021,542.02002,0.016406327,0.000227985,0.001273711,529.5762210384735,525.488449267543,515.3349698685174
488,12/8/2021,530.109985,-0.022218434,0.000228647,0.001225571,538.3615463178434,534.2176319146889,523.9071176527441
489,12/9/2021,524.330017,-0.010963214,0.000228482,0.001200645,526.5145917735896,522.4487668909011,512.336050500249
490,12/10/2021,558.820007,0.063706141,0.000235973,0.001328208,520.745127963545,516.727605595506,506.7771006016693
491,12/13/2021,557.219971,-0.002867347,0.000235528,0.001319663,555.0059763697794,550.6523716615026,539.8398559177623
492,12/14/2021,545.340027,-0.02155058,0.00023611,0.001273179,553.4016083701922,549.1009206548457,538.2989977815703
493,12/15/2021,565.47998,0.03626539,0.00023811,0.001344157,541.5904392562395,537.3517967759415,526.8265179202118
494,12/16/2021,552.630005,-0.022986184,0.000238824,0.001294905,561.6334932480248,557.2020577115819,546.185698897293
495,12/17/2021,547.609985,-0.009125382,0.00023856,0.001273854,548.8149203619886,544.4779170642975,533.7710677258984
496,12/20/2021,548.559998,0.001733332,0.00023808,0.00127478,543.8067368374766,539.5078580441354,528.894704293469
497,12/21/2021,545.429993,-0.005722198,0.000237699,0.001260702,544.7578313705947,540.4839186991215,529.8246666405968
498,12/22/2021,549.669983,0.007743606,0.000237306,0.00127372,541.6670549853718,537.4046387608643,526.8608681265014
499,12/23/2021,550.369995,0.001272703,0.00023683,0.001273718,545.8913842853603,541.5879017686336,530.8892154516634
500,12/27/2021,563.469971,0.023523272,0.000237345,0.001318217,546.5955219592855,542.2960895543475,531.6472061541231
501,12/28/2021,564.640015,0.002074345,0.000236872,0.001319726,559.6025168477308,555.1965123281823,544.2874970931141
502,12/29/2021,567.77002,0.005528056,0.000236436,0.001328109,560.7939989250576,556.3853565083278,545.4190656140261
503,12/30/2021,563.909973,-0.006821826,0.000236097,0.001311906,563.8716923187822,559.4412783447341,548.469810985456
504,12/31/2021,567.700012,0.006698515,0.000235686,0.001322594,560.0460941736706,555.6537380909085,544.7804555200339
505,1/3/2022,566.710022,-0.001745383,0.000235238,0.001316519,563.8153586280906,559.4022847293973,548.4189171993902
506,1/4/2022,564.22998,-0.004385814,0.000234838,0.00130525,562.8575378028198,558.4362197800301,547.466962429782
507,1/5/2022,549.919983,-0.025689152,0.000235809,0.001252006,560.3806053961113,556.0034900073409,545.1007484582614
508,1/6/2022,549.799988,-0.000218228,0.000235349,0.001249112,546.1256022403586,541.881195099338,531.2496519111514
509,1/7/2022,536.179993,-0.025084641,0.000236246,0.001197376,546.0010808324457,541.7357870389753,531.1498793418841
510,1/10/2022,518.799988,-0.032951483,0.000238065,0.001130417,532.4341685986811,528.256743148576,517.875966520643
511,1/11/2022,522.030029,0.006206684,0.00023765,0.001140351,515.1411092561289,511.05771778145277,500.9821599088927
512,1/12/2022,525.799988,0.007195776,0.000237257,0.001152178,518.3535934926491,514.3044695041317,504.1601446609972
513,1/13/2022,516.880005,-0.017110141,0.000237443,0.001116579,522.1106172743189,518.0082769450909,507.8303720499787
514,1/14/2022,502.98999,-0.02724048,0.000238543,0.00106141,513.2339563041708,509.2086661631237,499.1926840022133
515,1/18/2022,488.070007,-0.030111417,0.000239963,0.00100088,499.4115859108825,495.46680776899024,485.6904384201009
516,1/19/2022,490.160004,0.004273024,0.000239518,0.001007221,484.5465786776775,480.72171351143714,471.2548330596472
517,1/20/2022,482.820007,-0.015087949,0.000239555,0.000976089,486.6194622799648,482.78659970075216,473.2616687028536
518,1/21/2022,481.609985,-0.002509301,0.000239116,0.000969361,479.31451303632576,475.54102212633336,466.16251721147165
519,1/24/2022,488.899994,0.015023331,0.000239035,0.00099644,478.1300506684763,474.34779902065435,464.9800227012718
520,1/25/2022,477.320007,-0.023970817,0.000239772,0.000948426,485.3702219367849,481.5516888023826,472.06420111990894
521,1/26/2022,483.470001,0.012802127,0.000239581,0.000971178,473.8512820994116,470.1241053273502,460.792984592704
522,1/27/2022,482.519989,-0.00196692,0.000239138,0.000965549,479.9687483719162,476.1844483461515,466.75433053710486
523,1/28/2022,492.429993,0.020329956,0.000239397,0.001002575,479.0260184889074,475.2421973274738,465.9085451389961
524,1/31/2022,505.130005,0.025463527,0.00024008,0.001049256,488.87000799383935,485.0271645268158,475.43837664864645
525,2/1/2022,508.410004,0.006472385,0.000239678,0.001059586,501.4955741426045,497.52363019867045,487.6480866548397
526,2/2/2022,522.02002,0.026417723,0.000240443,0.001107795,504.784266504566,500.7893362838722,490.8968252806631
527,2/3/2022,521.77002,-0.000479024,0.000239991,0.001104784,518.3077375044026,514.2180193616617,503.98959830461814
528,2/4/2022,519.77002,-0.003840472,0.000239583,0.001095418,518.0526225111832,513.9511148310108,503.77981058489434
529,2/7/2022,515.890015,-0.007492851,0.000239269,0.001079183,516.0519903447342,511.9839953940093,501.90445208054393
530,2/8/2022,521.150024,0.010144361,0.000238973,0.001096287,512.2108620188303,508.1744902104392,498.1371452168324
531,2/9/2022,528.830017,0.014629097,0.000238867,0.001121773,517.444101503304,513.354053706574,503.2233098073453
532,2/10/2022,518.47998,-0.019765636,0.000239236,0.001082511,525.0981176193444,520.9573690307354,510.6720695089171
533,2/11/2022,509.670013,-0.017137933,0.000239409,0.001048326,514.7972279957913,510.73769118275936,500.6528833185139
534,2/14/2022,506.559998,-0.00612071,0.000239057,0.001034901,506.0115907859726,502.01944390028075,492.10272218814055
535,2/15/2022,513.919983,0.014424805,0.000238945,0.001059929,502.93139858352464,498.9599964029971,489.0680886749966
536,2/16/2022,512.400024,-0.002961961,0.000238529,0.001052425,510.27116331649637,506.25602634580486,496.21824272252655
537,2/17/2022,515.01001,0.005080721,0.000238115,0.001059927,508.74832516312927,504.73817934279276,494.7710253103483
538,2/18/2022,512.669983,-0.004554007,0.000237731,0.001049492,511.33773692636885,507.31333790412253,497.33609900093984
539,2/22/2022,502.179993,-0.020673723,0.000238164,0.001009189,509.02531252464684,505.017266183673,495.059832191541
540,2/23/2022,495.26001,-0.01387571,0.000238132,0.000981624,498.5636277977828,494.6302792295328,484.8907969120497
541,2/24/2022,505.579987,0.020623362,0.000238404,0.001017931,491.7042415717694,487.843273685874,478.2095758475084
542,2/25/2022,517.48999,0.023283923,0.000238877,0.001059012,501.94586145618837,497.99680417124796,488.2112173873431
543,2/28/2022,519.25,0.003395281,0.000238447,0.001063315,513.8053366541893,509.7497282885956,499.6744513645147
544,3/1/2022,522.929993,0.007062136,0.000238075,0.001074342,515.5494257335062,511.49431238012767,501.35610004510323
545,3/2/2022,528.0,0.009648685,0.000237773,0.001090075,519.2174817592929,515.1313354105357,504.9706614582601
546,3/3/2022,533.049988,0.009518922,0.000237467,0.001105512,524.2491545864088,520.1271628006126,509.8389455099719
547,3/4/2022,525.5,-0.014265016,0.000237464,0.001077412,529.2773336849849,525.1150195881953,514.7334374220135
548,3/7/2022,528.52002,0.005730495,0.00023707,0.001085903,521.78445425378,517.6945464459125,507.45750552402467
549,3/8/2022,523.359985,-0.00981115,0.000236854,0.001066054,524.7988198684051,520.694720697975,510.4300391269513
550,3/9/2022,527.650024,0.008163695,0.000236515,0.001078959,519.6520118816799,515.5547494120667,505.40362942483665
551,3/10/2022,532.719971,0.009562673,0.000236216,0.001094356,523.911162974962,519.8124895347089,509.54884874544763
552,3/11/2022,527.419983,-0.009998741,0.000236011,0.00107426,528.9727046146494,524.8349210888141,514.5302277757618
553,3/14/2022,525.950012,-0.002790989,0.000235611,0.00106727,523.6974530832523,519.5881442527096,509.4342620615705
554,3/15/2022,542.320007,0.030650072,0.000236762,0.001120669,522.2335056260061,518.1536622803027,507.973174440013
555,3/16/2022,543.390015,0.001971076,0.000236337,0.001122201,538.511700179645,534.296838728039,523.8207406251886
556,3/17/2022,552.789978,0.017150821,0.000236373,0.00115103,539.564173961289,535.3248118000274,524.8214670904907
557,3/18/2022,561.349976,0.015366411,0.000236311,0.001176551,548.933110617271,544.6197346223205,533.9261128297851
558,3/21/2022,555.530029,-0.010421889,0.000236128,0.001155765,557.4173843868848,553.0555899757566,542.1485929766707
559,3/22/2022,559.419983,0.006977837,0.000235766,0.00116618,551.624291940465,547.3086319040351,536.5957282073167
560,3/23/2022,554.02002,-0.009699679,0.000235556,0.001146777,555.5190081539467,551.1486339841942,540.356148465646
561,3/24/2022,558.109985,0.007355225,0.000235204,0.001157844,550.1430981757122,545.8330622195263,535.1515269083659
562,3/25/2022,555.710022,-0.004309434,0.000234839,0.001148116,554.2360846545387,549.8808344698222,539.0911340952342
563,3/28/2022,565.210022,0.016950767,0.000234865,0.001176184,551.826723839121,547.5043930243386,536.8358914534371
564,3/29/2022,569.97998,0.008403855,0.000234541,0.001188999,561.2864394315872,556.8871479943776,545.9930976534409
565,3/30/2022,576.469971,0.011322012,0.000234307,0.001206934,566.0326702018745,561.6257965958096,550.6247333742333
566,3/31/2022,575.849976,-0.001076081,0.000233902,0.0012029,572.4914610762826,568.0257186587501,556.8842765978549
567,4/1/2022,575.570007,-0.000486302,0.000233495,0.001199921,571.8610953972168,567.4117046315367,556.3334926133646
568,4/4/2022,575.130005,-0.000764755,0.00023309,0.001196462,571.5760162179903,567.1304267319717,556.1282328962664
569,4/5/2022,575.320007,0.000330309,0.000232682,0.00119494,571.1720411636082,566.7496109117002,555.6690269176545
570,4/6/2022,584.789978,0.016326351,0.000232675,0.001221486,571.3607848446821,566.9204755175789,555.8783187032798
571,4/7/2022,608.049988,0.039004325,0.000234763,0.001287656,580.7956477334387,576.2624982032205,565.0431117062823
572,4/8/2022,600.039978,-0.013260813,0.000234722,0.001262221,603.865594684583,599.1416908832481,587.3947347741904
573,4/11/2022,584.669983,-0.025948727,0.000235602,0.001214733,595.9101077618976,591.2518071090864,579.7022672176254
574,4/12/2022,581.359985,-0.005677396,0.000235274,0.001202726,580.6106244104767,576.0633961794844,564.734924576539
575,4/13/2022,591.090027,0.016598175,0.000235277,0.0012295,577.340843320241,572.827351506628,561.5735032684147
576,4/14/2022,590.390015,-0.001184975,0.000234878,0.001225308,587.0266627249679,582.4455385636473,571.0055355257115
577,4/18/2022,582.119995,-0.014106757,0.000234878,0.001198736,586.3194441227364,581.7292274795113,570.2935361293156
578,4/19/2022,594.299988,0.020707619,0.000235129,0.001232489,578.0895623067563,573.5785976167718,562.2967232516382
579,4/20/2022,603.530029,0.015411575,0.00023507,0.001256978,590.1863621024909,585.577361341174,574.075707908697
580,4/21/2022,591.73999,-0.019728465,0.000235422,0.001220796,599.3697070553757,594.6842211841401,583.0383343059069
581,4/22/2022,571.700012,-0.034452933,0.000237204,0.001159395,587.6352700166983,583.0319149733482,571.602963274449
582,4/25/2022,568.210022,-0.006123292,0.000236887,0.001146882,567.6932236969812,563.2177049355835,552.1678795641794
583,4/26/2022,553.76001,-0.025759709,0.00023772,0.00110073,564.224436869414,559.7895017524164,548.817719009857
584,4/27/2022,554.080017,0.000577713,0.000237314,0.001099835,549.8523750408126,545.5224990305056,534.7850272545614
585,4/28/2022,562.0,0.014192739,0.000237201,0.001122216,550.1780643872576,545.846050600519,535.1749814251785
586,4/29/2022,531.719971,-0.055384869,0.000242236,0.001025787,558.0113132590404,553.6202112348747,542.7177655938328
587,5/2/2022,528.950012,-0.005223048,0.000241889,0.001015142,527.8641581230135,523.6834331190635,513.260029259175
588,5/3/2022,528.080017,-0.001646113,0.00024149,0.001010616,525.1357445513536,520.9783907489339,510.6151366099186
589,5/4/2022,544.429993,0.030491543,0.000242553,0.001060668,524.2605626365131,520.1060214517136,509.790761540468
590,5/5/2022,517.320007,-0.051077711,0.000246742,0.000972298,540.503301685962,536.2098714440357,525.5653556673608
591,5/6/2022,503.359985,-0.027356062,0.00024768,0.000924365,513.5044347512852,509.4011003285089,499.1921806114526
592,5/9/2022,498.829987,-0.00904026,0.000247429,0.000907533,499.6133424827094,495.60166128998543,485.59999655178524
593,5/10/2022,501.459991,0.005258495,0.000247043,0.00091487,495.12811926373354,491.15698948479184,481.2858291046993
594,5/11/2022,489.079987,-0.024997777,0.000247756,0.000871246,497.74910263017205,493.73524722739904,483.83405141342786
595,5/12/2022,486.179993,-0.005947137,0.000247418,0.000859787,485.440124342394,481.52087548926744,471.80322823142956
596,5/13/2022,497.269989,0.022554205,0.000247791,0.000896187,482.52497227576947,478.6573492600669,469.06946747584664
597,5/16/2022,494.529999,-0.005525301,0.000247445,0.000885431,493.5876888517283,489.61915354238226,479.7701319641545
598,5/17/2022,490.470001,-0.008243697,0.00024717,0.000870165,490.84719824559187,486.89812405628334,477.096007088349
599,5/18/2022,429.399994,-0.132975246,0.000276615,0.000646717,486.80385674017185,482.9077864992178,473.17524706544776
600,5/19/2022,422.929993,-0.015182207,0.000276571,0.000620335,425.8777704036848,422.2537267208647,413.32479703624546
601,5/20/2022,416.429993,-0.015488301,0.000276542,0.000593532,419.4534190460844,415.908985679731,407.1128337057273
602,5/23/2022,429.480011,0.030856837,0.000277601,0.000643803,413.00605574456364,409.4946921701757,400.7800981343954
603,5/24/2022,437.709991,0.01898137,0.000277697,0.000674214,425.96287248985436,422.33739755917264,413.3487901801071
604,5/25/2022,440.109985,0.005468092,0.000277276,0.000682151,434.1175736973758,430.44852130517813,421.27419974634864
605,5/26/2022,464.98999,0.054991217,0.000281684,0.000771918,436.528885899061,432.83068072844486,423.64679245116713
606,5/27/2022,470.76001,0.012332553,0.00028144,0.000790995,461.2045856556448,457.2524740600238,447.4538104892357
607,5/31/2022,466.220001,-0.009690803,0.000281157,0.000773726,466.93739042326257,462.9435652754877,452.9822741451857
608,6/1/2022,456.98999,-0.019996141,0.000281403,0.000739565,462.42999172514357,458.48334576786175,448.6532923589822
609,6/2/2022,487.609985,0.064854388,0.00028768,0.000844844,453.2665461521475,449.3922276556156,439.78623922463686
610,6/3/2022,476.25,-0.023572949,0.000288184,0.000804815,483.6170934203133,479.4359744305131,469.0764013818254
611,6/6/2022,472.470001,-0.007968671,0.000287838,0.000790456,472.3597190686793,468.26026968345445,458.1127609379189
612,6/7/2022,471.779999,-0.001461482,0.000287376,0.000786776,468.59530156863264,464.536830361192,454.47061680385286
613,6/8/2022,467.98999,-0.008065866,0.000287035,0.000772335,467.9041235789318,463.86448555057325,453.8106531368692
614,6/9/2022,472.049988,0.00863798,0.000286668,0.000785145,464.13781003157413,460.13210442754416,450.24401903141666
615,6/10/2022,463.309998,-0.018688515,0.000286817,0.000753481,468.1703177219024,464.13035490808903,454.0857473459375
616,6/13/2022,452.25,-0.024161248,0.000287358,0.000713035,459.4654421125242,455.5078052291248,445.6422775379885
617,6/14/2022,454.799988,0.005622611,0.000286931,0.000720992,448.5040286504745,444.64381253149315,434.9243942039345
618,6/15/2022,458.790009,0.008734873,0.000286571,0.000733959,451.03989829351656,447.1272468700714,437.4770859608673
619,6/16/2022,451.76001,-0.015441521,0.00028653,0.000707828,455.0119220811425,451.0750634346815,441.4029605309012
620,6/17/2022,446.690002,-0.011286241,0.000286299,0.000688483,448.02598046221703,444.16120868845076,434.56407386673595
621,6/21/2022,463.109985,0.036099728,0.000287854,0.000745505,443.0029529725363,439.1695176065865,429.6644519444625
622,6/22/2022,459.959991,-0.006825065,0.000287483,0.000733334,459.2730886644323,455.2852704663858,445.42262664179214
623,6/23/2022,475.0,0.032175294,0.000288606,0.000783803,456.1815577259288,452.24459607803783,442.4678810967175
624,6/24/2022,484.369995,0.019534263,0.000288706,0.000813852,471.07440372326437,467.0038456363235,456.87108553493147
625,6/27/2022,481.75,-0.00542376,0.000288306,0.000803871,480.39743602981116,476.24156159771877,465.9443015177857
626,6/28/2022,468.609985,-0.027654473,0.000289137,0.000758411,477.788864023878,473.6507639555383,463.39248276241483
627,6/29/2022,469.839996,0.002621369,0.000288682,0.000761382,464.73400756487626,460.7066832341731,450.7228056038473
628,6/30/2022,479.279999,0.019892773,0.000288804,0.000791846,465.9800034422525,461.9560090100117,451.8856342118682
629,7/1/2022,485.76001,0.01342972,0.000288598,0.000811938,475.33909137412866,471.2174741616808,461.0631994754792
630,7/5/2022,488.26001,0.005133376,0.00028817,0.000818797,481.77520867123036,477.60673711201537,467.2419704191718
631,7/6/2022,492.649994,0.008950899,0.000287818,0.000831685,484.2459680483574,480.0563305826928,469.66272842512393
632,7/7/2022,494.950012,0.004657801,0.000287386,0.000837739,488.6266285185533,484.3876747217916,473.88068228225103
633,7/8/2022,501.540009,0.013226611,0.000287174,0.000857311,490.9138680751517,486.67657011512136,476.13000691044874
634,7/11/2022,498.899994,-0.00527772,0.00028678,0.000847634,497.444892790645,493.1343739129345,482.49796553053756
635,7/12/2022,490.570007,-0.016837668,0.00028682,0.000819783,494.8469685531334,490.5714057536104,479.9694039553104
636,7/13/2022,492.220001,0.003357778,0.000286379,0.000823774,486.57188950890645,482.3640899728954,471.9089196529235
637,7/14/2022,511.940002,0.039281662,0.000288248,0.000884147,488.2063549814474,483.9923206710252,473.5524301863306
638,7/15/2022,522.950012,0.021278446,0.000288447,0.000916113,507.7709225823202,503.39142787155583,492.4782405848847
639,7/18/2022,516.299988,-0.012797912,0.000288289,0.000894651,518.6998257501058,514.2063170263541,503.07405129860354
640,7/19/2022,520.22998,0.007583014,0.000287909,0.000905102,512.1202031356021,507.68998898530174,496.68655221369545
641,7/20/2022,524.200012,0.007602331,0.000287529,0.00091555,516.0392515287823,511.57955599207816,500.5350918519914
642,7/21/2022,529.460022,0.009984347,0.00028721,0.000929676,519.9582946737851,515.4724902099734,504.2858242986465
643,7/22/2022,529.719971,0.00049085,0.000286763,0.000928994,525.1750703763827,520.635460679596,509.44163310395754
644,7/25/2022,529.140015,-0.001095435,0.000286324,0.00092585,525.4531770439366,520.9145813237276,509.6798274065954
645,7/26/2022,511.929993,-0.033065192,0.000287669,0.000873151,524.8822856831092,520.3474871423319,509.09084022580134
646,7/27/2022,522.309998,0.020073394,0.000287793,0.000902872,507.78434874945395,503.3704327473123,492.4382752246231
647,7/28/2022,536.179993,0.026208635,0.000288337,0.000941985,518.0737768151187,513.5970877400366,502.4534077036985
648,7/29/2022,541.299988,0.009503719,0.000288005,0.000955197,531.8742556347446,527.267432830256,515.7795627274534
649,8/1/2022,546.809998,0.010127758,0.00028769,0.000969331,536.9337140386241,532.274741341169,520.7621465272811
650,8/2/2022,543.460022,-0.006145242,0.000287326,0.000958385,542.3883273383047,537.7174098533992,526.0833952534625
651,8/3/2022,547.01001,0.006510955,0.000286931,0.000966915,539.0864736056565,534.4509931480085,522.9174581501169
652,8/4/2022,543.280029,-0.006842208,0.000286585,0.000954937,542.5974993323481,537.9232173331657,526.2941918724719
653,8/5/2022,540.669983,-0.004815814,0.000286197,0.0009461,538.9364091573083,534.2870243100766,522.7895329856974
654,8/8/2022,541.900024,0.002272447,0.000285762,0.000948128,536.3388483915876,531.7066938161333,520.226657537782
655,8/9/2022,535.820007,-0.01128323,0.000285554,0.000929454,537.5544324806416,532.918568035406,521.4125548152678
656,8/10/2022,539.820007,0.007437467,0.000285183,0.000939375,531.5194063506874,526.9319064660043,515.5607069241668
657,8/11/2022,532.200012,-0.014216383,0.000285098,0.000916307,535.4891081470188,530.8604049029963,519.41352808903
658,8/12/2022,537.210022,0.009369739,0.000284773,0.000929154,527.9341339846779,523.3785825219434,512.1409165900266
659,8/15/2022,545.75,0.015771875,0.000284675,0.000951677,532.8871226958131,528.3171470979048,516.9792179378827
660,8/16/2022,553.02002,0.013233208,0.000284472,0.000970286,541.3895880311985,536.6986295627431,525.2214768091491
661,8/17/2022,556.320007,0.005949477,0.000284079,0.000977818,548.5959463421954,543.873681233292,532.1214535832515
662,8/18/2022,560.960022,0.00830596,0.000283731,0.000988888,551.8813978404896,547.1522033443824,535.3715032609725
663,8/19/2022,554.530029,-0.011528681,0.000283539,0.000970008,556.4909270561184,551.7078108579585,539.8076336008389
664,8/22/2022,545.469971,-0.016473205,0.000283569,0.000943738,550.1183489483956,545.3880509318378,533.6809744043761
665,8/23/2022,542.070007,-0.006252598,0.00028322,0.000932917,541.1113972443552,536.4554442170535,524.9081413414559
666,8/24/2022,543.219971,0.002119184,0.000282797,0.000934698,537.7378299362206,533.1200401549581,521.6601474473483
667,8/25/2022,550.77002,0.013802994,0.000282621,0.000953991,538.8753094369195,534.2637724150591,522.7442663819551
668,8/26/2022,531.820007,-0.035012236,0.000284132,0.000900149,546.3801954813846,541.675919422666,530.0567072875195
669,8/29/2022,531.059998,-0.001430094,0.000283715,0.000896666,527.5274947034248,523.0009124043008,511.78287956503
670,8/30/2022,524.140015,-0.013116153,0.000283584,0.000875751,526.7824491342097,522.2340901151462,510.9554911947644
671,8/31/2022,522.099976,-0.003899758,0.000283196,0.000868634,519.9020914517004,515.4397449147829,504.3475604572797
672,9/1/2022,529.169983,0.013450615,0.000283009,0.000887357,517.8926701854017,513.4409930380842,502.4846355184885
673,9/2/2022,519.109985,-0.019193931,0.000283187,0.000857519,524.9163995926381,520.4211243133481,509.20796699790543
674,9/6/2022,518.900024,-0.000404545,0.000282769,0.000855646,514.9111781050213,510.49645830620005,499.5374911195396
675,9/7/2022,529.640015,0.020486326,0.00028292,0.000884729,514.7247751850227,510.29669414644445,499.28577509240597
676,9/8/2022,529.119995,-0.000982319,0.000282507,0.000881967,525.387106014638,520.8710377591302,509.66963033202245
677,9/9/2022,536.580017,0.014000457,0.000282344,0.000901344,524.8737149822946,520.378100113725,509.2834872270127
678,9/12/2022,539.52002,0.005464195,0.000281958,0.000908074,532.2810412291036,527.7099503706305,516.3794096989214
679,9/13/2022,510.299988,-0.055681128,0.000286252,0.000824732,535.1947855972613,530.6175148603396,519.2499167911154
680,9/14/2022,508.0,-0.004517317,0.000285873,0.000816876,506.1494106198598,501.76800100314216,490.90907733137647
681,9/15/2022,503.5,-0.008897735,0.000285591,0.000802611,503.8473722871877,499.49392507369225,488.7148282995098
682,9/16/2022,504.140015,0.001270325,0.000285173,0.000803297,499.3874974744052,495.08615720402474,484.38380595737783
683,9/19/2022,506.570007,0.004808494,0.000284779,0.000809161,500.0350751093693,495.7280628815688,485.0886071131042
684,9/20/2022,499.519989,-0.014014916,0.000284683,0.000787488,502.4487575413505,498.116300963405,487.3596754469513
685,9/21/2022,493.070007,-0.012996449,0.000284545,0.000767366,495.42581267897714,491.15656838454504,480.5871211144566
686,9/22/2022,487.170013,-0.012038001,0.000284369,0.000748699,489.0298449418433,484.82619161623694,474.36436798422307
687,9/23/2022,466.399994,-0.043569543,0.00028681,0.000684189,483.16597298756426,478.9933495531003,468.69847477589485
688,9/26/2022,480.299988,0.029367262,0.000287587,0.00072588,462.5216833817776,458.5160429885197,448.5881791306472
689,9/27/2022,478.299988,-0.004172758,0.000287204,0.00071877,476.32282931969274,472.2105822098839,461.95908439113305
690,9/28/2022,488.290009,0.020671384,0.000287364,0.000747687,474.3268072112124,470.24496614168186,460.0849421540414
691,9/29/2022,478.980011,-0.019250644,0.000287526,0.000718746,484.2470795570755,480.06933527425656,469.7294332530842
692,9/30/2022,472.269989,-0.014108033,0.000287428,0.00069732,475.0192123881879,470.9104147555009,460.7106018794951
693,10/3/2022,477.730011,0.01149491,0.000287181,0.000712901,468.3410923364413,464.26626840782404,454.2121261590198
694,10/4/2022,486.130005,0.017430346,0.000287169,0.000736989,473.7765866166597,469.68395137608525,459.5538625979251
695,10/5/2022,480.320007,-0.012023525,0.00028699,0.000718629,482.10553990580485,477.93579591563713,467.5922326127386
696,10/6/2022,482.48999,0.004507611,0.000286598,0.000724073,476.35965168927265,472.2380877232536,462.0040997439072
697,10/7/2022,468.149994,-0.03017143,0.000287555,0.000679746,478.4994865692016,474.36835376839133,464.09900668888616
698,10/10/2022,466.309998,-0.0039381,0.000287173,0.00067313,464.26734537509054,460.25367648025815,450.3478912502584
699,10/11/2022,472.019989,0.01217069,0.000286951,0.000689579,462.4309684167828,458.4255361360897,448.51702026370594
700,10/12/2022,466.380005,-0.012020571,0.000286772,0.000671422,468.10381149586965,464.0583387182679,453.9952175813231
701,10/13/2022,467.98999,0.003446144,0.000286374,0.00067538,462.4999207095276,458.50462492385077,448.6162275603493
702,10/14/2022,454.649994,-0.028919028,0.000287212,0.000633223,464.0932112185872,460.10660152094493,450.2166319836977
703,10/17/2022,464.170013,0.020723013,0.000287376,0.0006618,450.8580877551236,446.9668039739843,437.25555041084124
704,10/18/2022,473.269989,0.019415134,0.000287467,0.000688438,460.30134196982146,456.32095178054095,446.44857050079634
705,10/19/2022,471.429993,-0.003895413,0.000287089,0.000681936,469.33844965685006,465.2685871841295,455.2030003248342
706,10/20/2022,464.619995,-0.014550757,0.000287011,0.00066036,467.5032714279759,463.45053687894506,453.4305648148538
707,10/21/2022,478.179993,0.02876736,0.00028772,0.000700115,460.7624733141547,456.786330515704,446.89979486626805
708,10/24/2022,496.970001,0.038542448,0.000289334,0.000753565,474.21052261273695,470.1097154854303,459.95130319679924
709,10/25/2022,499.059998,0.004196661,0.000288942,0.000758421,492.855066363346,488.584670779647,477.952490222072
710,10/26/2022,499.450012,0.000781192,0.000288535,0.000758453,494.9371064580606,490.66389835483756,480.00938524751444
711,10/27/2022,496.540009,-0.005843455,0.000288191,0.000749168,495.3611155673346,491.07675085461756,480.42295624806883
712,10/28/2022,510.869995,0.028451083,0.000288862,0.000788075,492.41668142248614,488.1649831633594,477.57202489946667
713,10/31/2022,501.5,-0.018511538,0.000288979,0.000761007,506.67924082033426,502.29471654054987,491.45081162450407
714,11/1/2022,499.959991,-0.00307553,0.000288595,0.000755634,497.3400350975606,493.0525355758049,482.33876918740145
715,11/2/2022,483.51001,-0.033456059,0.000289826,0.000707785,495.82444527246884,491.54411775595486,480.865951106326
716,11/3/2022,486.290009,0.005733154,0.000289456,0.000714804,479.48103564951344,475.33433527221814,464.9632173924622
717,11/4/2022,486.410004,0.000246726,0.000289053,0.000714151,482.25495499820664,478.06913695065793,467.70329284674784
718,11/7/2022,488.549988,0.004389898,0.000288669,0.00071927,482.37671775583476,478.2016680453491,467.82641265400645
719,11/8/2022,492.76001,0.008580465,0.000288353,0.000730204,484.5036860502705,480.2920269213497,469.86916961042886
720,11/9/2022,489.970001,-0.005678094,0.00028801,0.000721303,488.690427022308,484.4692922213631,473.92567964426297
721,11/10/2022,513.130005,0.046185067,0.000290473,0.00078436,485.9139815007446,481.6993537237705,471.27597455294585
722,11/11/2022,515.469971,0.004549815,0.000290091,0.000789575,508.8954982731423,504.481584036429,493.4595876873881
723,11/14/2022,509.679993,-0.011295986,0.000289891,0.000772859,511.21126852640214,506.7776725887521,495.8065462845213
724,11/15/2022,526.469971,0.032411231,0.000290871,0.000816559,505.46774167582413,501.07142631073935,490.1910648827101
725,11/16/2022,524.109985,-0.004492737,0.000290509,0.000809236,522.1410661428438,517.6083689439521,506.3260411231014
726,11/17/2022,521.320007,-0.005337487,0.000290161,0.000800769,519.7838522260756,515.2701304884322,504.08566611658125
727,11/18/2022,523.669983,0.004497612,0.00028978,0.000805854,517.0273497821131,512.5217598107753,501.4004563964399
728,11/21/2022,523.369995,-0.000573021,0.000289385,0.00080396,519.3694406043222,514.8591808998301,503.69920940276205
729,11/22/2022,531.950012,0.016260861,0.000289315,0.000825163,519.0538784473749,514.5606633622452,503.38178106318196
730,11/23/2022,534.48999,0.00476348,0.00028894,0.000830558,527.5775214343965,523.014646681436,511.6592092119527
731,11/25/2022,533.659973,-0.001554121,0.000288553,0.000827296,530.1082874761594,525.5152447730585,514.1283636613314
732,11/28/2022,530.919983,-0.005147563,0.000288207,0.000819133,529.2844642290551,524.7088002663554,513.3148651487064
733,11/29/2022,528.960022,-0.003698463,0.000287842,0.00081297,526.5560392057383,521.9819643996987,510.70501850136395
734,11/30/2022,539.25,0.019266429,0.000287913,0.000838111,524.6360227490735,520.0878064591524,508.7829064066819
735,12/1/2022,503.859985,-0.067880863,0.000293937,0.000744616,534.8477210120963,530.2066642936124,518.7190760401185
736,12/2/2022,494.529999,-0.018690607,0.000294051,0.000718209,499.67953691367893,495.30975794304845,484.4454685170019
737,12/5/2022,488.660004,-0.011940855,0.000293869,0.000701033,490.37407142240187,486.0738159213182,475.4742294244984
738,12/6/2022,481.160004,-0.015467096,0.000293824,0.000679125,484.55856423763635,480.3259506106643,469.82549278030945
739,12/7/2022,481.970001,0.00168201,0.000293428,0.000680482,477.0849842396104,472.8987603089864,462.6112042558483
740,12/8/2022,481.420013,-0.001141777,0.000293036,0.000678019,477.92448644057134,473.73312221623183,463.3642816596807
741,12/9/2022,483.019989,0.003317941,0.00029265,0.000681582,477.3711322038374,473.2086694812646,462.8922065725659
742,12/12/2022,487.679993,0.009601401,0.000292363,0.000693603,478.967640491682,474.7853629682677,464.42164850695576
743,12/13/2022,488.200012,0.001065744,0.000291969,0.000694104,483.5771342932688,479.37217737492466,468.92198035783406
744,12/14/2022,483.519989,-0.009632526,0.00029172,0.000680224,484.1323880466256,479.921926177561,469.42399308524716
745,12/15/2022,463.910004,-0.04140208,0.000293702,0.000623738,479.4722139619551,475.2841166363304,464.90031152789004
746,12/16/2022,461.450012,-0.005316845,0.000293356,0.000615775,459.9662015242946,455.9536636099238,445.9907086837283
747,12/19/2022,458.630005,-0.006129936,0.000293024,0.000606744,457.5395047160536,453.5501044435904,443.63162452450933
748,12/20/2022,457.820007,-0.001767687,0.00029264,0.00060357,454.73925951582004,450.77296786527984,440.96043051311716
749,12/21/2022,462.059998,0.009218639,0.000292348,0.000615072,453.9535302496131,449.9930053162771,440.1413423102414
750,12/22/2022,458.709991,-0.007276566,0.000292041,0.00060455,458.1633549927284,454.17416528335156,444.2490769212621
751,12/23/2022,462.649994,0.008552633,0.000291736,0.000615133,454.82560897946536,450.87856232951555,441.0466289409236
752,12/27/2022,458.5,-0.009010524,0.000291471,0.000602333,458.74284338904397,454.7607122974592,444.82900189475913
753,12/28/2022,452.98999,-0.012090264,0.000291298,0.000585477,454.61296563260896,450.66011249895047,440.8637754464341
754,12/29/2022,456.529999,0.007784385,0.00029098,0.000595025,449.1584694035167,445.25199953836756,435.5272182833289
755,12/30/2022,456.5,-6.57e-05,0.000290595,0.00059415,452.65258638341606,448.7157840619417,438.95050291694366
756,1/3/2023,453.279999,-0.007078666,0.000290289,0.000584,452.64559365701126,448.7168436131829,438.93513793641034
757,1/4/2023,456.559998,0.007210088,0.000289963,0.000592754,449.4421748637777,445.5348880881283,435.8476305388289
758,1/5/2023,450.190002,-0.014050402,0.000289863,0.000573435,452.70621166108447,448.76683017669546,439.03656200413695
759,1/6/2023,482.869995,0.070077736,0.000295838,0.000665009,446.37872625871717,442.505517482747,432.84403896577754
760,1/9/2023,478.75,-0.008568915,0.00029556,0.000652859,478.78983681069207,474.5827066346125,464.20393368177747
761,1/10/2023,481.399994,0.005519972,0.000295203,0.000659255,474.69367070197916,470.52439748133287,460.2366973561759
762,1/11/2023,484.309998,0.006026681,0.000294854,0.000666299,477.32709455598916,473.14319956854183,462.7155291642735
763,1/12/2023,482.429993,-0.003889375,0.000294494,0.000660328,480.2274071108417,476.0193424318963,465.63453633582884
764,1/13/2023,485.25,0.005828404,0.000294144,0.000667092,478.3578492741887,474.1680498857622,463.7811032024017
765,1/17/2023,486.769989,0.003127488,0.000293767,0.000670309,481.15896694077185,476.9441127805635,466.5119232070095
766,1/18/2023,479.470001,-0.01511038,0.000293708,0.000649707,482.6644791470471,478.45550481263075,467.99255494294437
767,1/19/2023,469.48999,-0.021034351,0.000293938,0.000621436,475.4165293018439,471.25592595322,460.97065627294586
768,1/20/2023,480.109985,0.022368235,0.00029417,0.000649752,465.4931736382828,461.4355684674636,451.34441124144035
769,1/23/2023,492.609985,0.025702542,0.000294602,0.00068233,476.03582044323986,471.87282388005224,461.5223876282632
770,1/24/2023,492.109985,-0.001015517,0.000294224,0.000680125,488.4520540790888,484.18235240141945,473.6164787391171
771,1/25/2023,490.880005,-0.002502529,0.000293855,0.000675997,487.9657393101433,483.6838097543267,473.07938600890606
772,1/26/2023,498.299988,0.015002572,0.00029374,0.000694555,486.76612751451074,482.50939188666223,471.950437924739
773,1/27/2023,503.290009,0.009964281,0.000293471,0.000706547,494.1018744451174,489.78721106523443,479.0652902355515
774,1/30/2023,503.279999,-1.99e-05,0.000293092,0.000705609,499.06776950361643,494.6996806462375,483.86627722660194
775,1/31/2023,511.140015,0.015496881,0.000292996,0.000724694,499.0586527301631,494.7029992536612,483.87552795063976
776,2/1/2023,517.909973,0.013157875,0.000292818,0.000740716,506.86000750726816,502.4430365902211,491.47377903810053
777,2/2/2023,523.429993,0.010601863,0.000292566,0.000753407,513.5889994060959,509.1108848748583,498.01042875691047
778,2/3/2023,514.799988,-0.01662484,0.000292577,0.00073107,519.0776162448575,514.5526543662846,503.30102996105774
779,2/6/2023,515.590027,0.001533476,0.000292203,0.0007321,510.50905798675825,506.0427780594616,494.9910227690664
780,2/7/2023,516.530029,0.001821498,0.000291829,0.000733497,511.3019574476531,506.8321256151165,495.8127116448002
781,2/8/2023,503.809998,-0.024934217,0.000292298,0.000700632,512.2183900542425,507.76666408702243,496.66259032155716
782,2/9/2023,500.630005,-0.006331894,0.000291988,0.000691639,499.58528139671023,495.2213934341521,484.38364208621573
783,2/10/2023,499.98999,-0.001279237,0.00029162,0.000689122,496.44183298751454,492.11281072134375,481.40887230377655
784,2/13/2023,506.450012,0.012837548,0.000291436,0.000704617,495.8162516637538,491.48504864455157,480.7026462589593
785,2/14/2023,503.220001,-0.006398174,0.000291129,0.000695569,502.23106207003843,497.8569387499624,486.9535989437385
786,2/15/2023,511.279999,0.015889931,0.000291052,0.0007149,499.0109730644793,494.68718085739954,483.9380684143051
787,2/16/2023,504.100006,-0.01414271,0.000290962,0.000696022,507.0096313113488,502.5966224214016,491.6094296853845
788,2/17/2023,507.480011,0.00668265,0.000290638,0.000703619,499.87284809426626,495.5241952545709,484.7479230987789
789,2/21/2023,501.73999,-0.011375286,0.000290454,0.00068831,503.25587522039433,498.86425621221366,488.0020083973827
790,2/22/2023,497.390015,-0.008707581,0.000290198,0.000676416,497.5233603194979,493.2116623554059,482.46725507318524
791,2/23/2023,493.140015,-0.008581317,0.00028994,0.000664712,493.2168338313971,488.9374657534131,478.35651799034565
792,2/24/2023,488.609985,-0.009228545,0.000289697,0.000652221,488.9838549965962,484.73539958858726,474.2060076413067
793,2/27/2023,487.029999,-0.003238874,0.000289351,0.000647314,484.52669635218535,480.31302397249686,469.8640770569062
794,2/28/2023,484.179993,-0.005868997,0.00028904,0.000639107,482.95388353979905,478.765746950317,468.3345818741642
795,3/1/2023,478.670013,-0.011445272,0.00028886,0.000623907,480.10959710044665,475.9418271193586,465.57712554886115
796,3/2/2023,485.690002,0.014559113,0.000288741,0.000641413,474.66796247651683,470.56260293631624,460.3555983241256
797,3/3/2023,475.26001,-0.021708521,0.000289004,0.000613371,481.6115740437235,477.4440668073757,467.1216771626587
798,3/6/2023,483.079987,0.016320201,0.000288951,0.000633053,471.2527131856327,467.1678648237038,457.00175335659526
799,3/7/2023,485.149994,0.004275865,0.000288606,0.000637613,479.0391341809933,474.87600838931786,464.5844636897711
800,3/8/2023,486.040009,0.001832834,0.000288247,0.000639107,481.0931382291288,476.9247768386485,466.54671001527146
801,3/9/2023,479.519989,-0.013505363,0.000288136,0.000621448,481.9728298150189,477.81318120751234,467.46640454405565
802,3/10/2023,471.140015,-0.017630259,0.000288192,0.00059869,475.50094003797267,471.36729854916985,461.18600983181483
803,3/13/2023,472.0,0.001823664,0.000287835,0.000600216,467.1808676201735,463.1492047144352,453.09192156999967
804,3/14/2023,481.920013,0.020799167,0.000287984,0.000625339,468.01501559361634,463.9660591673281,453.95440318268817
805,3/15/2023,485.660004,0.007730647,0.000287689,0.000634165,477.87633408015745,473.7301824257596,463.49176646072823
806,3/16/2023,487.26001,0.003289083,0.00028734,0.000637459,481.58208143827164,477.4073561097993,467.03681680252737
807,3/17/2023,487.049988,-0.000431119,0.000286986,0.000636135,483.20683092136824,479.02540467506714,468.6513642898096
808,3/20/2023,489.290009,0.004588617,0.00028665,0.000641027,482.98438563456716,478.8012270342103,468.482024771614
809,3/21/2023,490.850006,0.003183215,0.000286304,0.000644169,485.20306055030125,481.0308762601468,470.59106744472695
810,3/22/2023,487.519989,-0.006807302,0.000286019,0.00063497,486.76990343956226,482.5564388866702,472.1403030966213
811,3/23/2023,487.76001,0.000492209,0.000285666,0.000634794,483.4641165586369,479.28406133360704,468.92798675112294
812,3/24/2023,495.269989,0.015279544,0.000285578,0.000652829,483.69437488670394,479.5195931917549,469.1764307305644
813,3/27/2023,493.220001,-0.004147722,0.000285255,0.000646925,491.1464320576125,486.92369637581055,476.3859966824977
814,3/28/2023,486.769989,-0.013163614,0.000285139,0.000629958,489.100588456221,484.8691973030336,474.42609353968265
815,3/29/2023,490.869995,0.008387607,0.000284862,0.000639477,482.70985572101847,478.5615062203743,468.1979599912164
816,3/30/2023,491.480011,0.001241953,0.000284514,0.000640215,486.79623298245605,482.6039406859857,472.2129447961304
817,3/31/2023,496.869995,0.010907143,0.000284294,0.000652782,487.38691605468324,483.19904101450385,472.8097500915962
818,4/3/2023,497.029999,0.000321972,0.000283947,0.000652377,492.73717349500623,488.5032355339826,478.01279866540466
819,4/4/2023,497.730011,0.001407399,0.000283601,0.000653299,492.92326994015485,488.6836144769758,478.159091470998
820,4/5/2023,497.130005,-0.001206212,0.000283259,0.000651032,493.59045549429925,489.34882528025463,478.8385852278946
821,4/6/2023,485.980011,-0.022684078,0.000283577,0.000622609,493.0070523788471,488.7938064771063,478.2622265335455
822,4/10/2023,493.829987,0.016023809,0.00028352,0.000641345,481.9216175620394,477.7888178869736,467.5007782787205
823,4/11/2023,498.649994,0.009713133,0.000283275,0.000652368,489.71880990128193,485.51207521361385,475.0565054266084
824,4/12/2023,489.350006,-0.018826443,0.000283392,0.000628729,494.5372087337618,490.3059241928167,479.74913344834977
825,4/13/2023,497.890015,0.017301207,0.000283385,0.000648938,485.2928188305639,481.12116571109397,470.7688076529895
826,4/14/2023,491.299988,-0.013324284,0.000283278,0.000632021,493.7651665905634,489.519165037773,478.9808368442031
827,4/17/2023,493.940002,0.005359142,0.000282962,0.000637737,487.2248879687384,483.0488361113823,472.63267523656725
828,4/18/2023,496.899994,0.00597473,0.000282655,0.000644183,489.85693999904544,485.652371169543,475.19940027029094
829,4/19/2023,496.029999,-0.00175238,0.000282321,0.000641292,492.78693461294796,488.55639760012474,478.02439285914795
830,4/20/2023,505.579987,0.019069853,0.000282389,0.000663495,491.92041068589486,487.69842677960594,477.27872577795716
831,4/21/2023,506.350006,0.001521882,0.00028205,0.000664528,501.41351054950366,497.12367307238765,486.4089374237121
832,4/24/2023,511.420013,0.009963054,0.000281815,0.000675704,502.19399982391883,497.8696489585294,487.1979495123458
833,4/25/2023,503.170013,-0.016263085,0.000281821,0.000655369,507.2176277400371,502.8722443090083,492.06532483688255
834,4/26/2023,494.660004,-0.017057445,0.000281859,0.000634131,499.0239277127508,494.7579207440967,484.1785966682684
835,4/27/2023,501.269989,0.01327419,0.000281712,0.000649268,490.5517491868662,486.36086287943556,475.92457694280614
836,4/28/2023,503.220001,0.003882596,0.000281388,0.000653136,497.1428443421993,492.8782233987483,482.366026753742
837,5/1/2023,493.589996,-0.019322247,0.000281528,0.000629271,499.0911500723519,494.82646863428755,484.1957886108333
838,5/2/2023,494.809998,0.002468641,0.000281196,0.000631466,489.50982541385446,485.3100046497675,474.9360335172905
839,5/3/2023,490.059998,-0.009646018,0.000280986,0.000619216,490.7268056926144,486.54143345727783,476.1419450487214
840,5/4/2023,490.339996,0.000571191,0.000280652,0.000619159,486.00721022055495,481.8550022211627,471.5370285739149
841,5/5/2023,499.059998,0.017627305,0.000280662,0.000639382,486.26790754875805,482.10623858777734,471.88552562505333
842,5/8/2023,499.059998,0.0,0.000280329,0.000638623,494.96900549347805,490.7409349271015,480.2693802083289
843,5/9/2023,500.790009,0.003460545,0.000280006,0.000641971,494.9372351477045,490.69454296020683,480.19431335275465
844,5/10/2023,499.660004,-0.002258994,0.000279684,0.000638533,496.64370203389683,492.4084984920668,481.90068212627205
845,5/11/2023,501.890015,0.004453127,0.00027937,0.000643048,495.5318827350478,491.31058838736016,480.8439326742598
846,5/12/2023,504.070007,0.004334159,0.000279056,0.000647411,497.7612455042737,493.5189095554197,483.0434263277559
847,5/15/2023,502.040009,-0.004035345,0.000278752,0.000641882,499.90719751522346,495.6695309263756,485.116105671222
848,5/16/2023,496.149994,-0.011801527,0.000278606,0.000627208,497.9067235684119,493.6618902533599,483.13323459130993
849,5/17/2023,495.0,-0.002320526,0.000278288,0.000623736,492.06671572480815,487.8792728010751,477.46441913513297
850,5/18/2023,498.100006,0.00624311,0.000277998,0.000630347,490.91958301673856,486.7465240578976,476.35762509570236
851,5/19/2023,496.519989,-0.00317713,0.000277688,0.000625873,494.0106210455803,489.80816949363196,479.37335921234427
852,5/22/2023,491.869995,-0.009409299,0.00027748,0.000614095,492.43563409930726,488.2535849614358,477.8969954575926
853,5/23/2023,484.869995,-0.01433364,0.000277417,0.000596571,487.8276945172613,483.6821704058263,473.3882885749521
854,5/24/2023,482.76001,-0.004361147,0.00027712,0.000590766,480.8980857533856,476.8123188106971,466.6617318129554
855,5/25/2023,486.549988,0.00781999,0.000276857,0.000599221,478.7687930625851,474.7027632701513,464.60469739177825
856,5/26/2023,507.26001,0.041684066,0.000278504,0.000647217,482.54409072921055,478.4545144199614,468.28592916201654
857,5/30/2023,508.029999,0.001516787,0.000278179,0.000648232,503.0864661839401,498.8108258572373,488.249700770626
858,5/31/2023,511.559998,0.006924378,0.000277901,0.000655547,503.86091324024824,499.58031225187597,488.92291091785887
859,6/1/2023,512.599976,0.00203089,0.00027758,0.000657148,507.3674146743364,503.0528967889164,492.30501577149477
860,6/2/2023,512.590027,-1.94e-05,0.000277258,0.000656361,508.41638301556884,504.08997488324684,493.391343946347
861,6/5/2023,518.25,0.010981393,0.000277059,0.000668353,508.39763230764163,504.0809664585867,493.3354582991931
862,6/6/2023,516.26001,-0.003847217,0.000276761,0.000663115,514.0192090298068,509.65708922367423,498.8125639948588
863,6/7/2023,511.230011,-0.009790926,0.000276567,0.000651001,512.0555699423626,507.7056808244153,496.9097414551253
864,6/8/2023,520.090027,0.017182317,0.000276563,0.000670135,507.04074486927163,502.7398833765696,492.10875256817405
865,6/9/2023,517.280029,-0.005417555,0.000276286,0.000663097,515.8551641696117,511.48842632530346,500.63197403978546
866,6/12/2023,520.969971,0.007108033,0.000276015,0.000670539,513.0626354899039,508.7305504307721,497.93725029121225
867,6/13/2023,522.02002,0.002013537,0.000275699,0.000672088,516.7255892767597,512.3327894844566,501.4422070351013
868,6/14/2023,527.200012,0.009874066,0.000275479,0.000682689,517.7777551027896,513.3848121564937,502.523680811171
869,6/15/2023,529.179993,0.003748619,0.000275172,0.000686217,522.9038976926416,518.4917905962537,507.52687250968154
870,6/16/2023,523.650024,-0.010505057,0.000275,0.000673354,524.896161554977,520.469595527607,509.4786556129405
871,6/20/2023,519.700012,-0.007571823,0.000274762,0.000663888,519.3991708761755,515.0061630545813,504.1351475907303
872,6/21/2023,519.619995,-0.00015398,0.000274448,0.00066295,515.4655206503161,511.1207374214182,500.3035446432134
873,6/22/2023,524.200012,0.008775548,0.000274209,0.000672242,515.3919804665487,511.03799857444625,500.25323841969197
874,6/23/2023,524.440002,0.000457717,0.000273895,0.000671997,519.9631490330747,515.5839324447583,504.7079922466208
875,6/26/2023,523.419983,-0.001946862,0.00027359,0.000669004,520.1701538135944,515.7799156796526,504.8758469505862
876,6/27/2023,530.330017,0.013115318,0.000273454,0.000683212,519.1662871239702,514.7788530130041,503.9767725295322
877,6/28/2023,532.799988,0.00464661,0.00027316,0.000687731,526.047423182298,521.6075518250626,510.55830630915585
878,6/29/2023,531.690002,-0.00208548,0.000272858,0.000684573,528.4791651901794,524.0216909702523,512.9465480181632
879,6/30/2023,538.380005,0.012504023,0.000272706,0.000698019,527.4035030542207,522.9593256660395,511.86908358304464
880,7/3/2023,541.039978,0.004928533,0.000272417,0.000702827,534.0412888176571,529.5383379183912,518.3517409346678
881,7/5/2023,541.130005,0.000166382,0.000272108,0.000702218,536.6810552313506,532.1641922843393,520.94331712166
882,7/6/2023,537.369995,-0.006972694,0.000271866,0.000693516,536.7834285623996,532.2674503542275,521.0295439391532
883,7/7/2023,525.049988,-0.023193388,0.000272203,0.000666464,533.0352731441208,528.5484283733651,517.4795228967297
884,7/10/2023,527.01001,0.003726069,0.000271906,0.000669925,520.809920540043,516.4340851428097,505.5567635845222
885,7/11/2023,529.640015,0.004978016,0.00027162,0.000674793,522.747820563018,518.3637883194197,507.4877955384597
886,7/12/2023,538.0,0.015661001,0.000271566,0.000691708,525.3654557435078,520.9494189591525,510.0091773787801
887,7/13/2023,538.450012,0.000836104,0.00027126,0.00069187,533.6916516517994,529.2080560834813,518.0365112885341
888,7/14/2023,546.700012,0.015205564,0.000271192,0.000708215,534.1132724414676,529.6255504868931,518.5000179283261
889,7/17/2023,552.960022,0.011385478,0.000271015,0.000720225,542.3025591910545,537.7537437520995,526.4495143594949
890,7/18/2023,553.590027,0.001138683,0.00027071,0.000720695,548.5150087924632,543.8992090360391,532.4846931554014
891,7/19/2023,554.109985,0.000938807,0.000270407,0.00072094,549.1469100760992,544.5453786764244,533.1060736149915
892,7/20/2023,556.960022,0.005130268,0.000270125,0.000725883,549.6557056883396,545.0369493799587,533.6281872548195
893,7/21/2023,557.859985,0.001614544,0.000269824,0.000726878,552.5071200851178,547.8603366895991,536.4338683585789
894,7/24/2023,563.929993,0.01082211,0.000269636,0.000738171,553.4062424767468,548.7676195287762,537.2364582119271
895,7/25/2023,565.190002,0.002231843,0.000269337,0.000739839,559.4158136826919,554.7325720050118,543.0850345138828
896,7/26/2023,566.169983,0.001732395,0.000269038,0.000740947,560.6751839890683,555.9788109928493,544.3310623420044
897,7/27/2023,561.830017,-0.007695013,0.000268817,0.000731543,561.6834717508377,557.0059922802606,545.3350387329408
898,7/28/2023,563.320007,0.002648519,0.000268522,0.000733677,557.3446361024279,552.6875992520705,541.1156725312529
899,7/31/2023,560.669983,-0.004715396,0.000268256,0.000727616,558.8383132945085,554.1554734559268,542.5598972340315
900,8/1/2023,555.469971,-0.009317917,0.00026807,0.000716454,556.2017391203807,551.5572071681427,540.0225782532056
901,8/2/2023,552.349976,-0.00563269,0.000267817,0.000709408,551.0529407412836,546.4365509003514,535.0674267624256
902,8/3/2023,557.690002,0.009621396,0.000267608,0.000719288,547.946427199578,543.3932640346195,531.9997183533758
903,8/4/2023,552.039978,-0.010182788,0.000267443,0.000707215,553.2566217610649,548.6334826546026,537.1630856475705
904,8/7/2023,558.409973,0.011472944,0.000267275,0.000719124,547.6303687446914,543.0701138838245,531.76846848632
905,8/8/2023,556.119995,-0.004109322,0.000267006,0.000713788,553.9783874514479,549.3563609733856,537.8648101012673
906,8/9/2023,559.700012,0.006416858,0.000266747,0.000720083,551.7060109101134,547.1037830541711,535.7184761161491
907,8/10/2023,561.48999,0.003192999,0.00026646,0.00072281,555.2469456074537,550.6270890106312,539.1759622525179
908,8/11/2023,562.960022,0.00261467,0.00026617,0.000724893,557.0376932731511,552.4306220494201,540.87668318536
909,8/14/2023,561.469971,-0.002650324,0.00026589,0.00072118,558.5071976291913,553.856084478269,542.3209708558043
910,8/15/2023,558.51001,-0.005285751,0.000265637,0.000714579,557.0336563042132,552.3726808242445,540.9067048675563
911,8/16/2023,559.049988,0.000966352,0.000265346,0.000714855,554.0760695047402,549.4794901284129,538.0584677776146
912,8/17/2023,547.109985,-0.021589041,0.0002656,0.000690399,554.5970806567129,549.9870927976561,538.5759656289573
913,8/18/2023,544.940002,-0.003974151,0.000265332,0.00068529,542.7502404579507,538.244064987677,527.0159324605751
914,8/21/2023,543.210022,-0.003179675,0.000265058,0.000681062,540.5735313085514,536.101657061238,524.9324570580507
915,8/22/2023,538.369995,-0.008949979,0.00026487,0.000670536,538.8812556650308,534.403591459218,523.2902307293732
916,8/23/2023,540.859985,0.004614391,0.000264598,0.000674841,534.0866170952402,529.6580296339197,518.6301680141909
917,8/24/2023,531.710022,-0.017062168,0.000264652,0.000655499,536.5469649331966,532.0822034019842,521.0329833427849
918,8/25/2023,534.01001,0.004316315,0.000264378,0.000659487,527.4747425763869,523.0966116483798,512.2230323252028
919,8/28/2023,536.190002,0.004073995,0.000264103,0.000663202,529.7866456296517,525.3844088064529,514.4855262740666
920,8/29/2023,542.77002,0.012197115,0.000263961,0.000675739,531.9074326265072,527.5213629616976,516.6459515616905
921,8/30/2023,542.26001,-0.000940085,0.000263677,0.000673985,538.4545127070387,533.9878129272936,522.9623177712218
922,8/31/2023,549.280029,0.012862773,0.000263552,0.000687205,537.9609929504783,533.4859635924215,522.4836268491789
923,9/1/2023,544.25,-0.009199682,0.000263372,0.000676493,544.9130107640917,540.41625112276,529.1735001507983
924,9/5/2023,544.72998,0.000881522,0.000263087,0.000676715,539.9299268490014,535.4558428338511,524.3981381393188
925,9/6/2023,546.690002,0.003591695,0.000262812,0.000679866,540.4133857900832,535.9564290260354,524.8953523395331
926,9/7/2023,548.619995,0.003524107,0.000262537,0.000682938,542.3399825433016,537.8504943716063,526.7498185812283
927,9/8/2023,551.190002,0.004673556,0.000262271,0.000687243,544.2894417953979,539.7855455379349,528.624148008765
928,9/11/2023,558.780029,0.013676307,0.00026217,0.000701239,546.8294214269687,542.3133708393749,531.0833974552278
929,9/12/2023,558.789978,1.78e-05,0.000261888,0.000700504,554.3595366097051,549.7833763655487,538.5124963446312
930,9/13/2023,559.76001,0.001734446,0.000261608,0.000701616,554.3915916796113,549.8272304021306,538.4528810188841
931,9/14/2023,564.77002,0.008910466,0.000261399,0.000710433,555.3408204399651,550.7614187919462,539.4326578937802
932,9/15/2023,556.359985,-0.015003064,0.000261383,0.000693573,560.3131092683542,555.7020212716118,544.2515742793274
933,9/18/2023,562.719971,0.011366577,0.000261225,0.000705012,551.9674321935069,547.4133209601695,536.1286921701534
934,9/19/2023,564.349976,0.002892467,0.00026095,0.000707354,558.2945313577227,553.7054306636198,542.3017933006375
935,9/20/2023,563.830017,-0.000921766,0.000260674,0.000705612,559.9321989440031,555.3188398695843,543.8803407335882
936,9/21/2023,555.080017,-0.01564054,0.000260681,0.000688148,559.3847477290068,554.7961222741671,543.3605594936993
937,9/22/2023,558.590027,0.006303522,0.000260436,0.000694141,550.6889938132159,546.1471063139701,534.8432058720265
938,9/25/2023,558.619995,5.36e-05,0.000260159,0.000693458,554.1712762799359,549.6135458838174,538.3690026182849
939,9/26/2023,552.960022,-0.010183742,0.000260008,0.000681874,554.2218755953088,549.663791375995,538.3313839579714
940,9/27/2023,563.530029,0.018934916,0.000260085,0.000701293,548.6025136540052,544.086706202714,532.8834431266566
941,9/28/2023,568.630005,0.009009346,0.000259882,0.000710121,559.1183669580386,554.5354973462672,543.0746158968494
942,9/29/2023,564.960022,-0.006474997,0.000259661,0.000702494,564.1782291534854,559.5342585250363,548.0182818690738
943,10/2/2023,571.309998,0.011176995,0.000259502,0.000713602,560.5302124135044,555.921046383866,544.5209524366029
944,10/3/2023,565.039978,-0.01103548,0.000259373,0.000701156,566.8245408923702,562.179908002005,550.545242956267
945,10/4/2023,571.799988,0.011892773,0.000259231,0.000712999,560.5978393737139,555.9958108773511,544.5758966565521
946,10/5/2023,569.52002,-0.003995323,0.00025898,0.000708021,567.3381186594067,562.6876877245783,551.1170539433048
947,10/6/2023,557.530029,-0.02127757,0.000259217,0.000684805,565.0623385880264,560.4374223923649,548.8422858518619
948,10/9/2023,558.969971,0.002579387,0.000258947,0.000686804,553.1507751935135,548.6158753712267,537.3486747368833
